3661
216
6233
304
210
66
644
3
33
442
46
3062
6404
11
20
42
66
3312
6206
2
6441
2
6123
166
613
22
130
342
12
646
233
116
62
411
343
6224
2
420
4211
3201
4
4
36
22
11
112
6422
44
1026
214
33
4422
2043
3013
2113
2
61
62
1
33
162
46
421
1
6
44
1442
4
162
3
4
631
60
1
4
463
424
146
206
11
3101
430
3206
223
6
313
242
30
164
2
2
6160
6
40
4
3
6162
2246
66
30
1232
4
6
646
3420
613
1011
4
2220
213
4116
1
22
6
3
3
2
34
42
4
1161
202
46
4023
34
3
343
6
6113
314
6
4120
4
21
6
431
2
26
3600
1
4220
3044
446
4211
6014
2
3
143
4
42
116
14
431
4
66
6201
13
142
1
4
26
3102
606
2
40
36
163
6
22
411
402
441
1
2161
20
262
12
664
120
230
24
624
641
4
231
36
1
2210
66
4123
2
34
2
442
6
6
131
3
20
14
30
6
301
30
2160
1
3
2241
2206
43
26
442
3023
642
460
30
4014
4
4
1
203
41
2
1246
3
62
1634
331
243
1
43
2431
2
3
42
4
220
130
10
10
36
432
6
244
4266
3400
6
2
202
3
201
6
3
346
6231
2034
206
6102
4
6
142
6626
636
4662
6132
64
6
440
3
6
6344
2666
230
34
103
1
3612
4402
1
20
4641
322
61
6220
64
6224
1661
300
13
6
6
1
2
600
16
113
131
34
603
6
12
60
1
1030
316
4112
342
646
344
2
34
2303
1
3
314
3023
6360
3166
2
660
3
63
6322
4
614
320
42
2312
43
133
3
3200
36
2
1
602
362
322
6236
46
66
22
3
4
12
41
1203
306
166
2022
23
436
3432
31
4222
3424
1613
301
10
3300
1136
36
363
2
3643
606
3032
1
3100
114
6122
6
212
2
4236
2202
300
21
621
641
301
663
132
102
3241
36
230
16
1213
210
42
3
1362
244
3610
30
601
43
602
2
263
3202
2063
613
330
6
6
11
4226
1333
3626
16
66
612
636
6361
6
3303
1
1
222
10
662
206
42
402
6
64
3
1
3360
131
46
261
3112
33
234
61
120
1
3
4
26
326
6
34
610
33
11
2642
226
64
63
1
6
1
6
2
3
42
201
33
444
333
21
1066
3026
242
2064
6661
61
60
4234
2460
40
1
214
362
44
4442
11
24
6144
1601
1
3
1616
36
141
11
4
1
100
3103
2062
46
3
20
2644
1
2
1
42
10
6
132
461
163
6303
4
642
2
4
22
212
36
612
424
162
6611
30
10
2
102
1
461
6166
6622
3
624
6
2621
1
101
121
2640
216
32
243
142
66
1
330
4
3
6612
2462
603
2066
20
6
23
633
1
1
4662
16
4
244
4104
2
1132
3
2
432
4116
600
4146
2
6661
2162
344
36
143
1003
6
4404
602
34
10
1166
102
300
433
204
2
1111
424
33
363
6
3323
3
36
2423
21
2460
4326
2
36
4
6
40
63
60
626
4
11
23
42
4
2
4
21
2326
42
14
1
4234
3301
222
2
3012
6
2
23
6632
300
2
10
3
4
3
213
644
3
6
4
22
301
4462
636
2
4003
466
1104
1
414
22
4
212
4
1
1212
3
3433
304
603
42
226
2
1311
6603
44
6006
24
6630
6
236
20
60
3434
6
2021
46
2646
40
340
236
6
62
6430
433
446
1311
4040
3
34
361
66
6162
6361
363
416
3
1
1
13
2
13
3342
14
363
1116
1
262
2
2
31
2243
2
6262
1422
4242
3
3
6611
132
6
361
464
1622
1
203
1
1
32
14
4213
3
32
1444
1324
40
226
2
100
6262
623
3
36
141
20
1
244
163
2
2
3261
1
22
2
13
64
2632
330
42
6
3421
331
42
3303
621
40
33
613
3
3
4
4
22
1066
13
4342
2
43
26
163
1
632
1
3
4
1
402
111
13
1
20
462
324
2
42
4062
2
26
2
3402
232
2
2003
2140
30
30
63
6031
3042
2144
1
6626
1
1622
43
33
4016
12
364
443
2612
14
146
6346
632
641
164
6400
24
211
360
1034
61
4341
1424
6126
10
642
2
2
26
36
640
62
41
6
3134
2
241
6132
660
2
3
3023
6013
1
33
663
3
244
2641
6416
63
2140
244
4043
464
164
6311
10
232
1644
22
44
21
13
6
2321
60
14
30
3
41
4226
144
620
43
30
6324
333
3
601
440
4
4
4
3
46
206
344
1
246
60
2
2020
3231
23
6
634
3366
1202
3224
630
4
6300
2443
22
2
660
4220
33
43
3016
1404
1
1261
4062
463
4316
1022
46
1221
1
614
3031
313
4446
1
62
4410
3
314
41
34
42
23
2
602
203
10
3230
62
601
63
41
66
2
100
6323
3322
4
6362
3342
146
2
13
1
6
2421
6624
6000
4114
4313
1
2363
1
64
613
1
344
66
16
4
6
12
401
240
4
444
46
3
2
13
2246
306
2112
466
3
4
442
161
64
204
3
3
614
4163
42
30
213
233
4
104
2
4
2042
2
12
10
616
12
462
16
2023
3421
2
36
12
3202
2212
6
14
134
606
240
14
6
4
1
301
4
446
3614
61
44
3102
203
4140
4
333
34
4
11
2063
1062
4214
1
642
3230
3
666
633
362
30
33
4646
404
4100
2122
4
42
6
4136
33
10
2
34
4211
1
2
446
623
1404
2300
6214
606
2
41
36
314
3633
36
6632
3
6
30
41
111
146
1102
2114
360
3420
4146
3013
422
11
1
43
3206
3214
1
63
66
26
60
1416
634
2323
1
60
3
213
140
1
144
31
416
160
6604
3120
2266
1
6
1044
341
2
1466
2603
2036
2103
41
334
1
4260
42
234
4
1001
4
126
314
1264
3
610
1026
1421
12
136
64
1
3
3146
22
2
2104
23
6336
4142
4
6
6
63
3
4440
2301
6
14
64
1646
61
2
3163
6
2
4
11
362
1003
14
22
2312
1312
1220
66
6431
2613
1322
6201
4043
31
33
1
6163
4324
1
23
3443
16
2
6316
6
4
3
1
240
1362
6101
4
1
1036
600
203
3
6
4631
40
2033
4661
4
61
4
3
2
6364
40
6
34
3
4030
3
3
3
43
6266
64
4
3314
1331
61
1306
3
1
6341
334
26
60
2
6
1236
6620
1
1
322
1340
4
4
1140
100
111
1
14
6032
43
2341
3212
426
3322
3612
2406
602
1333
120
2336
1036
1
233
11
40
6306
4
1640
21
2
641
660
3
3403
22
62
11
4
604
4
12
4
4
4312
42
6
4341
4
6
6262
24
33
162
12
4143
231
233
1
21
2
3112
1
1666
6624
30
6326
41
3
11
1
31
6
6
6
434
4
3
20
1202
44
1241
6
1240
6066
3113
6
31
11
2363
2
1314
66
220
43
612
1344
363
3243
624
22
4043
61
120
6332
1
2
6624
3646
2400
3
144
4
14
62
3426
2
6
20
1
664
2
42
21
2
20
3330
4
1613
34
2612
3
31
4
4410
226
2324
4161
210
36
24
16
344
20
22
1
26
31
10
1
1663
6
1460
321
3314
360
1
2623
6
3
600
13
3616
4
2
2
41
214
6004
41
224
610
2
6113
232
3
16
6632
410
3
136
3462
6
2443
4
3300
600
3601
6
414
21
2662
4
31
1464
2
6021
4
430
2330
3620
3
62
6
23
2032
2101
6
666
310
4646
4
6
262
10
3144
426
31
100
2
142
1226
1161
6
243
1022
4
1360
3332
1460
3303
1033
4313
20
3124
4022
460
3306
410
1
6624
606
23
411
2
41
6
102
2
404
2603
46
21
3
1
2246
4
2322
3
44
1
2
3
1430
631
3
3244
324
6
6
302
241
401
444
2
3
60
1
61
42
24
601
31
2410
34
430
44
433
604
4200
4
633
1106
3233
4202
216
4
6
3634
30
4
613
63
611
144
6443
1134
2416
134
434
4103
6603
6
2
432
411
1632
23
4
62
4
241
1
21
3266
3
42
6022
3
42
601
3122
6
11
2141
3
2600
2
1
1
43
142
2
6360
6
362
3402
1464
166
1310
1
333
620
6011
614
2643
40
2324
230
122
2312
6043
4020
33
44
4
1464
4
6
1
3221
332
200
2124
6
6136
3
1116
1310
644
41
4664
3
6334
20
611
1
2022
111
3213
442
331
1
164
36
34
166
6302
441
2
1
20
322
6263
2
3
4124
661
116
1620
2200
2
2
330
4
2203
166
6261
16
44
1462
4
2
6402
2214
6
3213
2
3120
622
1
6
130
1401
6
310
13
3404
20
101
11
60
10
13
4103
602
332
3400
3
604
4
64
4
3
3242
23
3
2
61
46
32
302
3006
3
13
60
2
6
2
24
2
120
34
23
30
430
2
2601
426
3
6
2
666
1
3
3230
123
4
11
32
30
11
342
31
6166
22
610
63
126
3
414
41
344
24
144
6026
36
3
6
34
31
4
6433
212
1062
460
64
1
6
600
1
2460
12
26
23
14
331
1061
33
301
63
63
632
466
263
42
6202
442
4
244
6
6031
1100
36
301
326
1024
333
1
66
4
11
4614
264
41
60
366
424
231
1
606
4124
604
66
63
6216
300
1
4064
222
24
34
1313
14
246
4642
346
23
6
6
636
421
414
6014
3003
1
121
124
134
14
20
3
341
241
311
64
4
3
234
444
16
341
43
2
4
243
1
4321
2
3613
3
2232
6663
643
3
3361
421
4600
312
2
40
3
124
4
424
1436
62
1406
120
100
122
63
4633
3614
42
114
3
63
6
136
6
61
4
43
14
4043
62
10
6
21
1
4264
4
36
2
116
2
6
44
130
2163
624
1
6416
3164
1
24
302
204
2
330
1640
103
1
162
61
2444
1143
2460
3234
6
112
2
600
3340
6
1
26
3
4331
10
3110
41
6
644
62
4
3310
6
21
6114
401
1
14
6
20
4062
1401
641
466
6
3163
410
1032
634
3
106
2322
3
3321
4031
4
4404
134
1426
2
3
2
600
44
4
36
413
21
4213
606
3
603
610
11
1426
4012
3
66
3011
6
13
363
111
10
23
436
4
3
246
6
6042
620
26
24
2211
4
1
4102
24
14
603
3
63
116
6206
2
1410
3
22
4324
26
63
6312
111
1243
266
60
1436
33
26
600
2
2061
4
616
1
21
616
3116
20
3
2630
1300
4
1132
333
213
3
1361
163
2311
3
3
10
6112
1
2
242
23
4346
634
40
124
1
6
13
1416
1120
630
333
60
40
1
134
21
1
3
6
2230
31
120
6
41
6230
61
1
4
324
6
611
263
330
116
1
3
1
1
162
11
226
3023
2
16
6
6
2
330
233
3
1326
6
2666
102
36
2
3113
3641
124
4341
4
2
6441
3
6041
2624
33
201
43
2402
3
4210
4
21
1
2312
406
6
41
4133
6
24
4
213
663
412
244
6043
4
3
3404
2
32
2
44
304
6
1112
61
23
20
2406
30
10
6
666
2131
23
32
3
26
446
2412
2
3636
34
2116
63
200
24
46
6
364
303
3
6
3400
1
62
1266
2
1
40
162
4604
63
2
42
3
4244
6
321
34
3613
302
6126
206
2621
302
6106
1
3
3
16
42
1
4
626
1
3
1401
6
1460
346
4403
16
3212
6
34
42
162
6
6
3304
2163
2
243
64
610
112
36
1110
3
23
333
1
1402
12
36
142
10
3106
22
2
144
41
660
3
3
22
2646
642
220
23
1063
623
621
2
3321
160
30
642
4
6223
43
6360
633
66
32
4424
14
123
262
2
46
260
6021
1
1323
6
21
41
4
4262
2
34
3
34
111
203
1
3
4
1
11
4160
2012
2260
62
2304
6
210
611
44
666
4302
463
6660
110
2
1
36
420
2230
6
20
1401
21
326
3
3361
43
6
210
311
46
1036
2
100
4
604
301
4431
146
4
4120
612
4
6
64
3036
21
3046
110
6646
162
130
4006
66
61
36
20
4
1
6011
113
304
1023
311
414
1023
3163
1
603
2
4210
6210
1232
1
3211
6
2320
412
11
6
62
240
2263
3446
206
4023
22
12
1340
6
3311
63
40
46
62
6242
3012
3
3
4202
3
421
4136
340
611
14
1
1
26
2
4022
1
34
1442
216
23
1043
60
60
2
3001
4
2466
3241
61
4620
2660
6
16
61
3233
610
6
4234
2243
4
634
660
6141
2
1061
3306
3026
2
6
441
1432
1043
1
230
203
330
2
111
26
6606
303
1
1061
6
10
1113
3
6
6
433
6410
1
3
400
3262
401
21
41
12
2130
6362
3
21
101
360
62
4230
32
4026
414
301
1
6
2
6
2
26
36
342
61
6
6
2246
2
21
2036
266
1042
226
122
6
2042
603
31
2002
3336
613
60
242
646
4422
123
132
1463
46
66
1
6
603
644
11
2026
6
1423
302
33
4166
3301
1
4124
1
631
4410
4110
1246
6612
2033
3
32
111
32
4041
2346
2014
1631
40
40
1426
3236
6
3
63
32
62
36
16
164
6616
41
3164
330
101
1031
4643
601
3104
1431
62
1646
44
4
26
613
3660
36
4613
2
2
2
36
3021
311
63
613
306
1
224
6032
226
34
20
1241
6422
63
3610
62
4133
43
16
236
4
1
40
4
111
3266
4
2444
3460
6
3364
1
32
1
31
2166
40
43
140
206
1302
126
626
103
1616
4
61
64
2
6236
61
13
606
2
124
2003
433
603
40
661
14
432
334
26
11
3213
1163
11
636
146
4061
100
413
3
64
3426
2633
2201
6
612
64
2143
1461
160
4
42
41
1360
26
30
6
32
4
663
4132
26
4642
11
364
2030
2113
3016
21
1
4330
1006
1
4130
106
4020
23
1342
1331
6
44
1630
6410
1104
4
313
3444
1331
4223
626
304
1106
6402
661
166
23
436
4663
304
44
4132
14
3224
66
604
202
3
2
40
61
1226
44
6611
464
111
342
12
6
261
62
66
1163
2006
323
221
44
12
3223
3
664
10
40
42
643
3060
2164
121
44
66
6
203
300
661
34
3302
3142
6
4002
1663
6346
140
3660
344
6
4326
143
3
1134
6642
2212
332
211
66
3
2
4
4440
33
2230
64
1
1304
612
2360
3
6
4
6
463
46
66
316
400
206
2
213
2232
12
1
6
1262
6
2236
4640
60
6
24
3064
662
142
2
4136
64
410
2
24
1
3034
2433
6
634
22
322
1
236
32
14
6206
44
1344
13
133
3400
40
34
2232
2
1
14
402
202
63
2046
2304
226
3432
204
4121
6
34
2
334
401
321
123
4
242
1261
10
102
2
3204
2323
643
601
64
1
26
13
61
64
6
436
364
214
2
41
231
1
11
1433
2621
16
4002
4
1114
2
46
3224
420
10
46
621
6
63
224
344
624
6
6304
10
46
4313
21
661
1
62
2
11
2402
2
3340
6136
13
43
63
3
2362
1
226
6004
4443
6
6061
32
233
4130
41
4
310
3216
3
216
1
2030
661
636
1
31
36
3
626
2
1
43
122
2
66
234
166
23
4320
3303
6
3603
30
4036
26
661
2
1
3
44
2
211
64
6214
622
34
221
6
4011
20
4
666
2000
344
1
2403
63
4
1
43
22
40
1624
6006
2211
264
42
11
43
312
623
43
631
2
1
266
24
2620
134
6320
466
14
6332
6632
20
1
6
12
1263
6
4
360
112
3
243
33
142
3
4664
664
2313
3343
112
22
46
3
1
1
3421
244
2
3402
1144
3
60
24
16
2
2
440
1430
6
46
204
4630
240
16
60
63
36
61
313
22
213
6204
10
2
3
621
3
440
2234
62
16
4
2610
3
1466
614
102
1
31
3313
6
146
642
3140
42
2432
42
60
1
6
416
4
64
4306
661
13
1
3630
4003
14
361
223
21
2
102
3
424
2
3630
2626
30
4
16
430
2111
6324
3
64
63
21
43
1
6
136
3661
3100
23
214
106
2603
22
121
6
2
161
4
642
1331
304
63
24
40
11
26
404
666
6
2304
3011
6010
1
3
13
33
3
3006
3
6
6
2
6
3
4032
313
6
3463
2040
264
3036
2320
6420
6
1042
2
616
4
46
41
432
3312
63
4
213
143
1
40
4141
22
1
246
44
41
2
364
40
2116
26
2
3
126
312
12
2246
642
43
43
22
3324
266
3226
10
233
3
2
421
26
1204
424
3
4
33
62
600
1
20
3
346
30
6
6
206
21
6066
3611
2601
20
3
221
1661
23
6
34
21
4061
1
32
4664
6
436
16
24
22
10
3
203
1104
1234
336
1164
4
30
23
30
2
3
260
12
244
20
3
324
11
62
6063
4
44
622
203
400
4344
43
12
602
42
34
324
6231
6033
3
404
23
600
34
3032
2003
1204
1220
2
2413
4140
636
4344
14
36
10
210
4460
1013
10
32
4
46
331
6
6
162
226
246
4224
146
6663
621
204
1326
1436
600
63
6101
124
2401
3
31
21
4
646
311
2
364
1142
41
100
3
20
2
24
3
21
620
462
120
614
2
2641
2
261
1204
314
302
4444
3
4424
21
6
23
4
4
443
134
2306
34
1
2
62
3
1
3
6
21
44
2332
14
222
6
42
234
1
6610
4
31
1106
1006
3
14
6
1
216
62
4410
3261
2
40
33
16
1033
1443
2
1226
246
643
11
1626
114
2
4124
61
3420
3360
63
3
230
1
3
4
33
20
33
661
663
14
22
224
132
6620
462
1
3
2143
1034
4
2043
104
622
2
2246
6
2
34
10
3
24
1
3061
61
34
1003
6122
2
3
6
24
2644
61
33
2
2324
62
26
1
12
10
1
201
122
34
22
4
14
3
3
163
3214
4
322
1
4431
212
611
121
2441
131
316
32
310
361
1464
31
213
4
6
6020
10
3
3
6
42
116
4
640
10
3
1
4
2
436
410
61
330
3614
664
110
6021
2136
6221
33
4422
44
33
321
3
2
612
4310
61
321
366
33
644
4114
1420
640
44
636
213
4421
666
64
644
31
6
666
414
424
31
6600
224
40
4
6016
30
6032
2202
26
11
624
6
32
32
3
41
3242
630
2631
11
3
2466
110
1611
1363
466
163
4
3
314
10
14
36
41
326
2664
164
230
20
663
6442
12
1244
2
6
423
34
3602
6
42
6410
62
342
3
210
24
6
6364
36
4
422
4
3326
26
413
41
4
6
44
2
2036
311
2
6
22
4
60
3
136
42
42
41
4
2
1
1040
634
642
2
4424
4201
2166
2
21
2
62
64
2223
31
2302
13
1
104
36
2460
1613
6
1
31
2430
2
40
136
3
11
2123
361
6322
30
1
14
2236
116
6
32
14
41
2121
3131
2
1066
66
3066
13
1401
41
4
6
14
22
2241
2231
34
31
120
36
134
1642
66
1032
1131
60
304
26
341
1336
3326
41
633
6
3
6
440
3436
11
24
366
32
426
260
4
6342
106
3236
1
1112
6
26
4123
2402
360
30
4
146
204
2323
3
6
464
4110
3
316
2600
21
342
1121
21
3
613
63
661
2000
3013
1
6
410
32
2
3
11
3606
2
6
441
364
123
26
603
4612
340
4302
1
2
332
31
3313
2213
2336
132
2636
3
442
4334
2
10
22
32
21
14
31
623
622
26
6142
4122
221
3166
3
3
141
13
4
612
332
2
632
32
6116
3333
441
33
131
3140
24
2
12
4436
11
116
142
2203
311
1
606
463
31
3
6321
330
404
1
22
143
30
13
11
3222
22
2364
20
333
2464
21
1
104
4
112
340
240
1
423
20
6003
2263
21
1436
4034
131
36
6030
3
4101
26
60
313
3
43
11
336
1331
62
3000
2
43
6
240
4320
3
130
30
4
1160
1
646
262
602
34
10
62
14
642
6303
30
2221
110
220
3
3441
46
4060
166
34
13
46
142
314
4
106
44
114
40
36
4403
44
266
6213
6234
146
2341
1440
3
1
3444
333
631
642
634
2423
2
2
41
1
6660
1423
4166
66
6
63
16
43
14
616
6021
60
246
2406
23
6
1631
4
2
323
33
3
24
130
423
240
6
2
2444
341
236
314
416
3
66
164
12
1662
16
2
6
3
631
64
4
6
3
46
4346
64
42
2
2333
26
222
3121
244
163
3462
104
2
6334
1426
3
464
1
3
202
6131
306
64
1004
43
44
1331
6123
4
1213
241
1
6
21
630
16
34
33
232
3002
2133
3133
21
614
41
4043
2
11
3433
36
6
1042
1
4660
62
3
341
1
20
2
42
2236
63
210
220
6
616
6
1
10
664
24
60
66
6644
414
43
4
101
2
4
2120
333
6
3
2
442
4130
406
4666
3126
60
641
6233
3
40
46
30
12
3
4
34
242
21
362
4334
6403
11
6
31
126
646
4026
311
2
1
23
3
2
30
1
3632
3
42
2242
1106
41
4
622
2101
4
4
431
401
240
626
42
2
460
40
14
6
6320
41
6
66
1231
3420
11
3214
6
64
34
430
3
223
221
6634
3241
6431
266
2
64
3
6
661
6340
4023
33
116
2
1
3
162
1210
620
261
6141
1
113
46
44
466
3
36
3141
602
261
24
22
440
362
2
6
336
2632
311
142
60
3416
3
466
1
2
1
3004
4340
1
2414
4264
361
364
201
32
6600
446
20
6
3
6
1
2124
2
3
2
110
326
31
36
1
141
2663
603
2
62
46
24
1
401
1
123
2
23
12
2236
3
4
462
4
32
4662
36
3
612
120
336
6643
102
66
6
3314
403
614
3230
463
2
3
602
2
464
6011
434
210
4660
2
6106
4032
32
233
6316
131
30
3
1
463
31
634
424
4300
3130
4141
12
4
40
1203
33
240
3
206
3143
66
2
606
310
410
1
6
301
603
140
400
33
6112
3042
4331
2
2
616
666
60
410
30
31
20
1301
212
362
6
420
66
620
6624
63
21
2211
43
3301
6
6014
3113
3
61
34
6661
342
1
2631
4100
110
230
1
102
2
311
134
13
434
64
32
20
40
6
4
3043
3
32
262
133
36
3321
4244
3
16
20
3
3033
26
2
423
414
41
64
6
100
2
1112
6266
123
210
3
406
363
2
6
36
4
22
320
2231
34
42
113
1223
31
4133
423
212
623
3464
4
341
1
2632
61
3343
162
362
366
203
6234
4211
401
4362
4
223
63
2134
1424
4
2402
2
44
6304
311
6321
21
2
4
4313
3
32
36
4
2
11
2631
326
40
1
126
4
1
400
3
3664
126
3
43
4116
2
62
6122
113
4
333
410
13
13
200
1463
661
40
620
632
402
4
432
146
11
4
64
11
402
63
6413
624
126
6026
60
34
1
634
22
6623
6312
4
36
4233
232
61
44
13
664
1443
312
1311
2630
3
2
3
46
312
64
42
1
2616
363
4
132
16
4
1330
3
340
310
46
1
2406
433
1340
226
4126
1
6146
130
6
3
1646
66
6300
43
4
612
112
314
61
21
442
2022
21
46
1226
1000
3142
130
1
342
60
400
4111
4
63
66
316
3
16
1
6430
666
31
16
3
2
60
2
620
4
406
432
1443
3
3240
634
4141
3
4640
110
32
33
331
3
366
3404
243
6
1244
11
6663
42
411
2301
4324
463
3623
226
26
2613
20
3412
420
1130
332
4
3303
610
631
12
423
4146
46
26
3013
460
424
632
1320
2200
6
23
421
430
432
6244
6121
361
34
4
2112
16
3
1
24
4
34
21
6
1323
122
14
2
601
4126
4
2124
61
2
31
6
4
4
63
2
226
261
6
14
6660
626
3400
6621
400
2001
3606
1166
220
41
3
4
41
3
3323
2246
6640
433
2043
2416
2
3016
4306
6
3
6
2
43
42
13
3304
604
31
6
31
3
6
6
6
2
1242
62
6211
323
6434
4622
1
2
2
4440
60
226
3
44
4
14
1
124
2
63
2
402
1210
23
33
166
414
236
34
426
66
62
226
611
11
20
30
2
4
632
64
41
4
13
3
60
6224
402
22
23
22
4
43
6
6340
604
334
4104
6
130
4113
62
314
4261
1
443
2
3
1462
162
13
333
3016
3406
66
131
66
3
1014
41
2
22
3
213
224
44
4062
6634
6
6
310
2002
602
2
3232
4434
6642
4462
2
3
44
3130
43
10
44
1336
31
2
31
416
42
1664
26
42
24
24
16
431
632
4221
4102
341
4606
6
616
10
4634
26
22
3461
340
4162
33
10
33
6022
240
4
3
32
401
4421
116
161
13
36
261
6
62
362
4
313
201
2030
136
2
333
320
3206
3
2
30
3032
4060
226
664
33
120
104
6064
4
44
4
6
11
2106
630
34
2
412
3011
613
3
4
2
1341
4260
61
214
6
433
22
4
646
216
614
360
36
34
30
2
2
3
433
11
63
22
210
3
2142
33
343
604
4
4422
6
34
63
3103
3
21
1
4
33
10
6
3
3024
4
4444
426
66
4233
310
6666
16
30
2212
326
3412
123
4601
466
36
4024
3036
3044
1340
41
42
12
6
22
1
623
146
2
101
1032
30
24
4
3126
664
31
366
32
633
43
6010
140
3406
4
4
6266
13
461
203
32
4
3
16
4
306
