2
41
6020
34036
440
12412
13604
2120
6212
32631
21
1
614
100
3
60323
63
60404
31344
106
20144
31
6636
602
4620
230
14
36404
2231
11660
616
46
2
12013
44260
21603
646
1
6342
226
346
14134
1
21
124
20123
30410
34
34663
41011
3
646
22
142
426
2221
3
33
3464
36
2
62000
6
26
413
4
203
10620
460
43434
36
30614
66
62
2
6630
12646
133
6632
144
111
11242
121
32
261
4431
43
3
23
43004
6
6
31
440
162
1
406
61144
4
43
16401
216
44
2231
6334
1
3
26
21
11664
11211
3
430
6
16
362
2
434
400
1341
32
21636
160
16430
1
6431
1432
40043
4
621
201
16
4
1
610
2
1014
3046
12
3123
3
10232
3604
6330
4211
26302
26424
6261
61
2060
11246
6141
12
11
666
33
230
10
66
6
64610
36
631
34
4
42
2442
6310
1
63
46
3
2644
6
3
2012
12303
33
43
1
23061
661
21034
2660
1
12
3016
3133
61166
40
1
21
4
33263
1
236
14
144
6
116
11
3
423
3
22
6
64
34
3226
2623
42064
423
4332
1
301
3
6012
3224
13
3
122
246
16041
624
3
443
12
1201
4
41
6664
32
2
664
3004
2
46206
6023
40622
6033
10
2
32
3
13033
6
30030
1
2331
22326
3
62
10142
6
20146
2003
23
4634
20124
1
20110
633
3
30211
326
2663
312
46
4
364
1
6024
43103
6104
4302
32063
62102
6603
6
11164
6411
14
662
4643
46
1444
30
2344
31401
42160
40
30
601
1320
24023
2
443
14406
202
6
20
1216
233
1
60
3
4
1
660
66201
443
66030
2
13
62
20203
14
31022
2
1
31
3
1
2
2641
231
221
34346
36
6310
362
264
11016
6662
2
64
3443
616
23663
42320
41342
4
4202
2664
3
24446
42
11231
26
23
42
32211
32
24
6
134
1
3
4301
101
42
426
22644
24113
4024
61
26002
14411
10606
60333
636
13136
32424
2666
440
2132
466
13216
621
2
4
1001
133
3100
12146
61
321
34
442
40211
14640
3
31
4
3
6602
6202
21
1031
64
23
3
10
3232
63033
1004
3
4110
3
43
4130
20636
30
2102
20
44
6246
60
6
4222
1
21306
24
6
3200
600
20
12022
1461
2123
1340
4062
10
1326
6
16661
612
3
661
6
66
41114
602
26
14
1102
6
61
6
64
41302
4
4204
33
4
612
16631
4
22132
630
2424
63116
141
33366
3
2321
1
124
633
61321
611
63
21
1
4212
44314
63110
6
44103
2
2432
63
1
14634
23143
263
426
11
42
43
23
300
663
62604
662
2
4120
63621
4402
62442
403
11043
4
4
22
421
12462
14426
26266
620
30133
462
23413
3
24
2201
1
2
3
2
242
231
621
4600
13
6
3331
64460
106
12061
4
41
40436
42412
3316
40003
32606
6
30034
30
64302
32100
642
336
6432
20230
4
3
2
6222
4
140
1
34
4020
4
4
4
266
36
2213
36211
33121
1213
22
403
4432
2606
232
1
2101
101
102
3
2
6
33646
33431
1
146
6
2220
32
11302
224
23
4243
1442
401
60124
66
26631
10
22140
4
113
201
20213
603
4466
26
321
64
4
4
3
606
2
330
664
60211
1
31636
32626
1424
3
22
6
2064
2
61620
6043
2
1
30
4236
6
32
62
63664
431
6306
130
32113
4630
3
3
1
1121
20
16006
1
3236
1444
13040
2
4622
4
62302
22602
60
234
3
14114
626
24
3600
4
44
4
113
13120
33444
2
1
241
21
1324
244
20
342
324
2
24421
1
214
14
3
2
3426
2226
6021
13
3313
1261
64
6
24341
64302
360
3123
2
6462
66
433
2143
4
163
21666
2
36
46241
21111
343
2
462
46220
112
32
116
4
64
44
246
16216
113
6
6
231
223
3
22012
244
6
31
1232
4
2366
2
1
60026
26234
11
640
42
244
2602
614
1
44
420
6
3222
63
4
31466
4632
2
136
601
23
616
6
43460
44
462
3124
2
62
33406
3460
43
66
3622
16261
401
21
62
3
104
662
23
31
4
101
2602
6
340
1
34242
1334
116
103
4344
326
3134
32
6634
3
6
100
2443
63
32
30131
463
1332
33446
1621
1046
4011
43
11
302
2032
4421
6
436
34
466
6
610
1
334
424
163
2641
1
6
4
604
3201
10
36
2
232
6
342
41
2110
1
60362
6
21
1614
41
24306
6442
6630
34
21212
431
3
60
244
64126
3
333
3
63003
31163
36443
31
4032
10
1333
36
3061
4044
211
63400
30
3440
660
64026
2
14212
36200
13
624
631
2
4423
62341
46
13
6136
63
2426
33
44644
4
1
4216
34
3220
26123
413
60
24
66
330
1344
1
12
30233
410
113
1
6342
44460
40604
60323
20604
34
23
4
10
663
4204
3360
644
3
460
26
640
4
306
30140
41644
4
222
4146
1
2246
6661
204
23461
320
6164
62
1
30
14
262
61161
144
61
44
2636
34424
1311
2
32231
20
266
203
23212
1036
6
644
32
4201
24114
1013
64
1311
64
2
601
10
11116
4
11
1066
214
34
33
60404
2361
12
334
4121
6642
30330
1
264
23226
446
14
6413
40
6
6262
36
61
240
24623
4
6030
2
20301
63
1
12
36
4311
240
1260
11
63
61
6
21213
2
1
6434
2131
243
403
443
3611
41422
62
621
6
246
6113
3
21
3
444
420
6
6610
36
141
4
1
30461
214
344
6
1002
623
34261
23
4032
46611
3361
106
102
36
436
20
6
630
16644
32432
44
60213
24146
4
30
63
6
6
12044
1106
42
2213
42
2626
62
43
22
3320
11
2
203
111
6130
41
646
6
46
632
2
23036
2436
6636
1041
26621
110
6112
26
21213
20
31
1343
66140
1
2220
41
4
1
6621
1
42314
1334
4
6436
363
2103
1236
44664
4
11
3
4
30100
426
6161
43216
6631
404
111
611
6466
43406
1144
332
41
34360
6
260
44
4241
2
4
204
214
41300
20
6316
26214
20
14
2146
414
2312
304
6
1030
66320
206
31642
16
2
26
40
36
1
2300
163
402
36121
3613
2446
6313
3101
66
46
64366
4221
333
62332
42
63
1412
24426
41330
6242
33260
4
4123
63
12032
66006
222
3
4
46
4000
32330
3041
14322
3
66336
4
264
2
1
30
23221
31
661
404
2223
1
330
32646
1106
66
141
12
1236
236
12244
402
6013
14246
34
4333
4
6
4
4
6
166
16420
26623
43
4
2
6234
62611
3411
2
6
2
633
31444
60666
41123
3
3412
603
646
312
2
41643
604
413
2
2
124
160
1026
633
12
3121
11
4
331
2
4
4626
404
4210
643
41036
60
26
1
6
21
36
66134
2326
2311
44143
66
64124
3063
4106
640
62061
10613
4
66
2
6
4302
644
21
64
46
6446
3
6034
336
203
44
4334
4411
120
2460
42
4
61016
4622
24
4
26014
12434
2316
663
360
11140
4444
2
10242
2
44
62146
304
23
444
4262
122
2
11
32
10
10202
306
130
11422
40
26
160
60
361
3466
330
24
22000
12003
16
14
202
3
460
2
21132
6
201
4012
1666
232
1
2
6
2
636
40
31
40103
66463
62020
3
4031
36443
362
141
2630
623
240
42444
40
41
66
612
411
300
64
222
6424
61
10
43312
16
262
1364
34114
23024
2434
333
23
22264
2
6
44206
24434
16026
1
33214
1024
1
6341
4
2
344
64014
324
2
31366
2046
1646
46
4436
330
2224
646
2166
2103
6
1
340
4616
2
462
226
422
26246
6120
14434
11
230
3
22
403
11613
44436
6
20
600
2460
606
63
242
12341
610
4113
664
3020
31312
3
4421
33661
10
36
46364
11
332
64
303
613
63
1
162
3
4600
614
1
16
13
66
4113
43
24
30
6201
24
6636
340
41
13404
4
614
16241
404
602
624
42
4
3022
46341
30
446
33466
1
66246
34302
234
41
3
10
1
30
1143
1014
3
3
32026
4
2332
41
3400
33142
13002
30301
232
36
42
331
203
30
13060
46
21666
2220
3110
613
1440
420
32
400
23411
61
131
24066
40662
31
46
10430
2
6446
41220
3343
22
3
43163
4166
263
30
6126
4
33
306
43
1426
32060
6014
133
20063
40
61
30
20
61
22
2
1232
2
3
4440
22040
2
3103
36441
11123
4330
3301
244
403
3
61
6336
60326
6363
6
24423
6442
41030
21
6332
34411
46
36
3
66310
466
420
12
6
4
334
4422
1420
21030
6
201
10
1146
62011
41134
26600
23
34
2443
1166
1126
22614
62
32
22
410
42
12
12
324
44
603
243
60620
66046
4
46
33
11
2
63446
666
262
23411
1
61
42
4
3320
3624
1
1
6
34442
43601
1
443
20
3
32340
4406
3141
6336
41
41624
1260
46
3364
26
416
3604
1302
1
2023
1
62
6
6
23424
62
364
6
341
6340
60363
1041
4
3
3
4032
20331
44123
3
4
20
34632
14
46216
224
3200
400
66031
43
646
110
41023
1
42
23360
446
3
23200
232
4666
20
6
4662
4330
4
604
612
20230
6332
162
64400
3
2
1
66
1
60
640
2
2
2
3402
61
163
6424
6123
6600
1346
1
1402
61
3
36
42
1
112
1
10446
62640
40
16
366
36
4
66
416
3263
10331
21
61
13104
2460
43143
6
104
6001
3
411
22323
234
66
411
32636
1042
2641
43041
44344
14321
4
46
41
663
3622
1
6
130
10
440
201
20611
3
4046
2
436
62243
22101
3011
141
4034
36443
66
44131
630
262
16034
1
61
4442
23
412
2634
20
1
413
12
2106
22041
336
4036
436
63203
614
6100
260
61
4
64
1
24
3166
312
42
1
100
10460
606
1112
13106
6
6
1162
3012
66
3424
263
3
1
663
44203
610
10103
33
103
364
4336
3464
1041
44331
6
22463
2211
11642
2200
1006
3
2661
6
421
64
112
3360
6346
6344
213
63
22
6
32202
343
610
44642
333
20
63236
40416
102
4
1
66
44
21130
2214
11
614
2102
663
10223
1011
1213
6121
4244
263
614
6
3132
44364
6
2
242
61266
3
20
124
32
4
22
6
4
4
60044
641
1
6600
1
430
236
2
13
34161
221
662
34333
6
241
42
206
6262
64231
1212
41024
1
311
20062
2031
610
2
214
1310
1132
1423
6
436
2
16
4131
612
36
2
603
4
16436
131
1
21
20
232
1
62
6
6406
260
2
46
401
202
3
14612
11
31423
10
11
311
61
36
6633
1420
1
110
2
44
26
16624
112
10
1422
30
1
400
46
30
26234
41021
21463
61
66411
243
23103
1662
4
36602
16314
201
64422
223
3
421
630
6663
22304
2
24241
22340
3433
30204
2
6
61121
61126
2244
3644
42
464
323
10663
3402
3
12234
260
64230
223
2103
263
6461
6
6204
34616
63
22162
2
63612
240
4216
26143
2
42
63
32
66
42423
6626
3
131
40
6113
4016
44464
11
2041
214
62
61
1036
6002
360
33
66
1346
1112
243
432
6011
6
3
63
6
13
43034
2331
12264
20324
6
34442
603
3116
6
43
34
6
1
6
13164
46
66466
62663
1063
1
2033
22331
36423
11
13643
464
6
14
44
3
1046
13113
60
64460
2321
64
42
20642
26
1
23
43141
6146
21
36636
32
3332
6626
24101
34643
3440
1
340
4
43120
113
42
413
30
32
32
1362
26
1246
32040
63
634
6
63606
344
103
10
2
101
61246
46
230
1
14
311
634
63601
2
1221
6426
423
61611
6121
46014
40
34640
6
32646
34
6
606
60640
16660
10
2
6136
3044
246
4
3612
1220
4636
460
6
4
4
224
26
6024
4
4634
6
4
24433
2
26116
16043
60020
4324
30
3
6
413
4643
26633
3033
42
4360
6
2
146
23640
6
20
2
22
620
400
2
4460
1021
2313
2243
11
1
3
4632
11
12
20644
163
64346
21133
31446
6
6
42030
3122
6
3423
1321
2
4300
6
136
41
3
36463
431
3
20
14
4664
32136
46
410
6362
22
1
4
22436
606
160
3
6400
3621
2340
30622
3
632
21604
22624
6
1
323
632
6410
64333
1
6
12
6202
6014
126
3
62264
6113
11333
13
24
6
32412
1342
2420
63
6434
6021
330
63443
60
12
24
242
40
14
32
36241
6
6
21203
21463
464
40303
111
6421
346
16
3
13136
6662
26103
41
4340
10420
232
4316
6
21
13
22
2
61
2240
3332
31
6
641
30620
6
4166
1403
2
21
4246
400
10
26
33303
64000
132
103
31
6
12
23
24302
2601
4402
41
3211
40
640
40042
2
43221
4
6
60
62113
10
23000
2
144
3316
1
40
2
324
64060
61
4
63163
46226
40
42314
2
11
21
31213
42062
6224
1
4
31
66143
1
6116
24410
40214
1413
33
4066
4
460
366
4434
1
162
132
22
3
36222
3124
200
2060
43
40121
20
1
10
41
64
22413
6003
6
44211
12343
66204
1
4016
4601
1
13
60443
23102
40
61
3
46304
1
3
36
6
231
62
60
21360
6
3314
4243
332
41432
16161
6
346
1611
2300
13431
3
2
6311
261
33123
13
2620
44324
60203
3024
10664
4
626
13132
10310
3
322
20
414
44633
4666
4
304
22206
1616
3
21144
123
6443
11
2614
4
220
6
4
640
42
6643
1
413
423
4
21
1
63611
6
114
32162
216
333
12
43116
4
213
30
163
6
316
62066
31403
402
46664
341
313
12
23444
2
31
3222
6220
16
30
42
64111
2140
63402
6611
36
61
16
6114
4
24231
31
3
36114
2
16320
4
233
632
34
442
611
44431
26430
10146
26
1112
20436
34
12266
630
26
23
1340
1161
30
6
46
20236
4301
36312
2260
44
3
421
63600
2
4
24
263
60300
60610
264
2
1044
23262
136
30
30644
6
41322
400
4361
231
43066
4
341
2
4163
2
44463
230
26234
2
14
2066
1241
3
2
4
4464
46136
6264
20620
330
261
4
23
64634
1442
1032
3
106
3
1031
4
3
44
2426
10
3
260
4
332
61
132
2
21
42
10
61
4
213
23
4
26
6
34122
61
1
24
66
4062
60244
43
6
2
64
3442
4426
344
61316
60
3
300
46
330
6
333
1423
6
4
346
6
1010
3043
40343
60
2
64
20
14243
62663
44213
2
6322
66604
30
13
62430
60
20
4104
620
4223
63120
3
62
64
2
4
4344
463
614
42
303
1
4
1064
1
611
10242
44
43146
16310
643
24366
42
3
1
2660
2234
2
611
1
201
63033
161
43410
61
6116
1036
6
631
13
4102
6011
140
6
3
43
3
142
12
4636
1
36
6
304
2
6364
11234
460
4346
2436
12
401
463
16
6
6640
466
102
22
3206
1440
40431
4
3
346
44416
604
4
1064
6141
643
32413
3332
410
33106
1
2
3361
6
16161
102
63311
430
24
2240
1
6341
464
26143
133
63021
26
1
461
32
11
2466
1
4311
23312
1
33620
2
3
31326
44
3
1
1
200
3063
4420
64
2
134
60423
1461
2
23
33
1
1132
1
40
610
622
1
413
23
6
2
32
6
60606
14
16232
3616
2113
320
31
4436
6413
63
3
6
2
64101
24
606
2
1141
23116
16
221
131
33
20136
13
124
2663
6160
2
422
41
1613
36606
204
44626
1334
1
1240
1633
1201
64222
6
3
40662
1400
3620
10134
4
223
36
2331
2
3
440
610
2433
2162
33
4
123
2
2
224
16133
40
121
23413
42
24133
3611
63
6
22400
3
1
44466
361
41431
432
332
1312
43
14
10263
64
6
40402
62
64011
11
61411
6
63346
24
10
60
6116
6463
63000
3610
213
610
6
6
33064
210
12343
606
626
6
222
1
63346
46
1
23041
133
32004
61026
66
62603
6216
46340
44
34161
4202
3
261
2413
211
42313
44321
3024
36
461
603
43030
441
23633
646
41643
426
6360
3
6
2
233
36336
4136
2643
3
46111
1
1164
43
2
42
62
62
16162
21
312
413
2132
21
11041
4326
33
6044
14
6
4300
4
42111
12
424
1011
3113
66420
313
23
24342
362
604
3663
321
6610
63213
103
1
220
1106
11
13
44463
2
124
4624
621
402
4404
13
32
44111
1
22021
6
3
23001
1646
461
4
22364
3
6
1110
11100
62
2440
341
3213
262
2323
2
42243
40401
33446
360
14444
2
6
12060
42
12
6161
3440
1
6620
12263
221
1
436
60
6
64003
46
6
10
46424
660
46464
42
2666
4011
26466
1603
24
2341
2
41
23
1200
1
3326
46
2
6616
334
24314
443
6264
623
434
6146
663
6
42603
426
1211
21312
6322
6044
41243
11410
161
240
301
3011
12
3362
3306
626
2
23
2
6
4
6
1200
212
2
40
2614
3
14
30
400
12242
10
21
33406
62
11306
2432
62
13
32
42236
4
40
6
3066
460
324
126
1
3364
246
1
342
23
341
21602
1263
3
4
624
306
13062
402
10
4461
21610
43
2
4011
1
613
3
20
2
32
34232
23231
32044
1613
3
66023
10
1361
34
46
1
46
22
634
420
6
11
2
6011
41121
10630
4066
6042
1306
64214
41
3133
6426
24
643
1134
362
60
403
36
60
112
20136
3246
111
4
34
434
41
213
1400
6660
1320
144
63
300
4343
26433
614
24
601
46
1
66
43
62
46
12
4036
2334
6426
1431
421
1
63
62213
606
1140
2
34
3416
64064
40
160
44
446
44364
41411
2166
136
26
6
434
61636
404
13410
343
6204
12206
2224
1210
42263
4142
36631
4024
36133
60
2
142
1
214
630
16630
60444
6004
33
13320
31
406
14464
1324
43144
103
261
6141
30
60
2
26
2
6616
304
1431
2
1
36
24
1
6
2316
661
30434
404
1
4
23313
4104
4
32333
14
3130
4
1
3161
26
6664
16
2
63042
1
16
412
6
4123
6
61
3413
41004
6106
6626
362
42222
2020
3
36
4221
44040
42
2622
16
162
42
1136
402
326
3
6336
36460
1
63
30213
24262
643
46
6
226
336
41
11313
6022
12163
6326
1
1
3122
202
6404
60
13244
642
42
330
131
1
6432
41
6
2
366
403
26132
2230
2606
122
4
416
64
62410
113
4
206
263
6412
240
211
2
3060
24
3
63
2
4
43124
30432
1
11114
60
2366
22226
21
33
40426
2
106
100
303
640
4
4
31664
62
1014
44
602
40
262
32
16
36
16332
2430
36334
14
1
3132
1
6642
662
216
132
303
2
422
63326
2
3610
46342
12
3
6
2460
44121
1
6
224
634
4204
6141
36
1630
1
2042
22324
3
6
4
4120
1223
32
24
40
144
66416
21423
466
3
1200
3230
164
6
24
4020
336
124
3
12031
62
6423
412
42
3201
31
6
23213
133
60
2
6663
43316
6426
120
34
13
13
441
1623
1
46
32
34
334
13
246
314
12341
3
61103
304
42
63
42033
12210
46
6
66
64
46220
3232
310
6
364
304
11026
24
221
34662
10023
1
36024
10422
63460
61006
21021
433
32023
636
3364
26
44
626
12
60
623
244
24
14624
1
6263
26
266
20
63120
6312
62341
36302
662
620
31666
14260
46
1364
32
3
3206
4416
63401
31
10410
40
141
643
1300
1341
63
66462
20
102
2
10
1121
62
221
6
21333
43
14
1044
141
102
30
44
141
21
14332
16330
33
42
21310
4360
1
426
13
44
4632
614
3643
10421
34
663
1363
4
6640
311
2140
62
462
214
22661
2046
41226
3034
23
46213
4
2302
42
336
30
3
11644
1004
44
26336
632
4300
603
3431
1132
4
2
34404
26122
11260
330
33043
614
1
66216
624
2363
4630
3666
1600
6220
1
6
23
2601
6
3
3333
2012
3066
4323
410
42
3
3
22216
6
633
14461
1
6
43
6
420
16331
4
61201
3122
62
60
64464
60
6663
23142
26222
30
3126
664
4
23
6
3434
6
42304
404
414
2331
4264
62
4
1322
1
61
4166
121
3361
34230
21200
1
4334
1666
4206
6
44632
3
6116
22
33
13
6166
4
31462
101
4203
6
42
41
2162
6
3
46106
1626
1424
3
2
23314
34
403
24
40
3316
26
14
22
3
22
646
1332
1
10
1
3100
4
4446
2
3
3
6661
4
244
6460
444
6
14130
1
2123
1
26
424
14343
2334
442
160
1463
22342
443
43
6224
36130
6402
410
43601
623
32342
60606
3
426
123
2012
4203
43
34
3412
4066
6
60306
64302
2622
46
1024
443
4
4
160
32660
4141
2011
46232
3343
6
3422
4
4
36
102
46142
4
224
14
136
40
2166
4624
6
602
2314
6643
12
22343
36
1
13440
2
340
3
4
62
3
243
2
4024
26642
3
20614
4230
602
146
2
446
1
26463
3400
146
630
24
11333
416
414
341
6
33612
12
2102
13
32341
46
6212
234
30016
4
6
1226
121
162
4033
234
612
16422
3
2
32306
4410
1
13
1366
1
4644
364
23
43
3
3466
30040
2
24
60026
10
12632
36
6604
6420
4
236
4066
41221
204
60310
26406
642
31
2
2
2461
2
1
1342
2
1431
16
601
3261
34
1
60
6
43
3
444
603
31
16314
222
604
66360
62433
2414
1
63204
4302
14
21
32631
3630
3
30104
206
31
462
4232
26636
200
334
62600
31
614
20
26220
10
3221
30113
3
22006
34323
332
130
32224
14404
3
2
3123
40031
21261
223
46106
326
4
10024
1
246
4244
6336
132
34364
6
3
4
3404
46424
33613
31
446
31
16014
140
13
1
22341
120
44
3
3
64
14
266
6
1634
46124
11303
434
632
6
62
243
3246
34
232
3003
636
4
6120
321
1
360
230
13660
2643
20664
2442
3
4114
21666
631
61
6424
663
660
202
2
61
162
13
21
20000
6
132
1034
14160
642
46
2363
23360
26
33
10
63206
214
122
243
2204
346
31644
20114
22
4
41644
44032
1
366
4
1
3
61
13141
14
141
63
4
461
14
6241
1324
2
4
303
24401
202
32
23064
163
36
62101
2363
63
11332
1166
4306
10
6033
64042
4
121
6026
2
62642
263
3460
64313
4403
340
11
40
4414
24
46
22440
126
433
102
1
226
266
36
6
4
462
164
2
402
63024
632
2
2
4034
330
6
62340
42
46321
2334
214
43212
36236
32400
4
6
3
41
6030
43
166
1120
42
2004
61
123
24223
43603
4
4014
640
3
402
24
26
3
31
14642
4644
12
3
340
6
306
3326
36
23466
6
14
1260
3
44
2
4
41166
61203
3263
4
10
46434
26
26201
61204
6116
310
41
64
62
166
66
10
4341
24
2222
1633
24
413
60
6
1660
4626
4
634
21234
3
3
1
1
11
2131
16121
61006
2
60120
4030
21
406
3261
621
44406
11
23
421
123
400
4
63
6
36
261
31300
22
42
2403
61416
4120
4
6616
3
2
2
221
463
434
3434
41364
44620
1
464
33203
6
4
46212
12
104
32031
3141
2163
24
2
6140
6
23
2123
33
1
4422
134
146
23661
3
4613
66066
2
141
112
244
4
61
66364
32323
32
232
412
1
26
60260
21636
61
31321
2
3
14
12610
6
31313
114
2346
404
3321
21211
11233
62160
3
42413
36320
3
120
461
33
23602
23236
3134
214
34
6
2260
21
2
40341
2
221
26431
443
3
20
23
6463
6
42
1
311
60
3
66
6
6
44
2
603
22144
610
304
122
3321
64641
2436
6341
243
660
6140
44610
6200
3021
446
26624
40122
13
1
21064
640
6
241
63
111
112
462
6
34003
1
401
13624
2421
310
263
3
222
20421
23166
40131
1433
12
334
2
2020
2
6
10
46043
4223
10414
264
4
44
34012
2
4
66
221
431
336
114
123
6403
6
14004
63646
616
21
36164
13420
136
6
1444
223
3
3
2603
41
64
41321
6
4
4142
63
30
432
2341
4
6026
414
424
223
3262
20414
434
223
1
36
66
61
43
36
11444
3
4
1224
1236
243
20
62
334
40
133
24363
12
3622
63
34
32420
120
1
220
1
303
20163
23611
61322
606
146
212
6
120
32462
3644
3431
612
1061
2234
30
11642
322
3
6
223
36463
3333
33
31
31110
6046
60
22
404
263
64
26244
223
1234
641
336
26124
41
43042
60301
43224
1046
22
4
4444
16
6421
6
1
30
6024
641
3
234
641
11
62346
1240
360
23344
2202
1631
400
136
14142
4
4040
1
1010
61610
41261
24614
1036
263
62604
11226
23
46463
304
103
432
31
2163
60
1240
23
34034
643
14
111
4
6303
46
1
326
3332
6140
300
24333
61660
2132
1210
162
603
131
212
640
26616
2214
63432
1
363
32
1
214
13114
6060
4
4462
61040
14
26
64600
4614
23
6631
60
1220
3420
60
3
200
163
23
30632
414
30
21201
324
64321
33
102
61
20630
41403
41
14000
6234
61610
63
6
6230
41
42
324
10
42301
6
4102
32
314
361
4
4204
320
2463
62
43
6
10034
4
6
2
4
26102
463
43
34310
604
444
2303
304
6200
32
164
2
6120
13233
44420
24333
136
1162
640
4
3063
6
1
4423
4
3216
23
66
6
622
43166
241
2
10
6332
4424
20
46
64
4026
130
33
443
26
60
4
4
40301
62
1401
116
2
63
63401
14
42
1241
1
246
2041
4616
14
10141
3622
6600
4326
206
234
164
46
2
62
2306
11304
3303
3
62112
61
626
30
320
6
44
10143
32313
66130
33
26664
3232
36
3361
261
4
2030
333
2061
221
346
4243
32
43
24226
16013
33330
34331
141
4
46144
1221
1440
626
23222
2042
30
43136
1
3236
1
31
362
6
41
6
12021
21122
3
60234
14030
22632
10666
361
646
3
4
36311
6
41220
2144
61
63333
21630
44606
66634
4
43
20001
42266
41
66
43
1014
112
41
206
136
30
60
112
36
34340
106
342
10
641
11
14461
42
1600
12
33004
6432
3
2203
4
30
20
10
40446
22132
4
40436
60016
10
162
30412
32
6
2
413
2
643
33440
4
33
43422
3
2136
1406
36022
22
44
4
4126
6
11012
6230
1032
14
33
4
322
226
6
1
31200
12663
3630
3
61
611
36
140
3203
1401
4
2410
1361
3220
66
16
3102
1
44
364
14302
4
2463
64
6426
3
1
321
66016
463
262
6
2
16
2366
4
2
46
16
14006
100
630
303
4
30
46
331
1323
44222
636
6
64601
11406
4
14230
22346
140
24
60
31366
10622
23446
1323
26
26242
2
41141
21011
6004
21460
11344
32
13
2
444
4644
10
2024
1320
6000
4
2
623
3
260
4
1
2203
6444
140
130
2
102
13
66163
1
311
2412
34
41221
6
1104
4
36243
62
603
306
33
601
33612
44643
46
4
12462
201
434
46166
26
64
1
11423
363
4
4312
224
64311
3
6023
2
3434
34010
4
233
101
30
2062
14113
4
24413
26322
3
3
4114
4
2
6
1320
2
4612
30660
21432
264
61
30401
6122
4
2626
44132
3
26036
3226
42412
36366
6236
1033
1131
302
364
62
30
41
132
3
163
616
66
33002
3143
4210
42042
343
20331
1361
64336
3634
206
33
44434
20422
6032
66
6314
142
3134
266
3322
13
6604
4
16240
61064
302
21
34244
33213
6
3
33026
24434
41662
333
641
1363
6
36121
26
46
24
66131
103
2
6142
2
31
3
4266
62
321
460
6022
12334
43202
4
3
661
133
260
410
3342
34462
1
124
401
3460
1341
34141
4212
434
4410
3
44
1014
23
361
644
3
44
36240
1144
3
423
61
46011
2402
66231
3
266
66
440
2000
3210
6
11004
61
66
42112
16
2
24
1
142
3
6
6443
4341
1
26414
12263
6413
6204
44
66
41
4
32
4620
66
63
16023
111
6
6
4
4
410
1466
124
1
12346
60220
1063
4032
430
4
2406
4
60436
263
641
66161
6422
6
4
46
26462
661
410
4
3
23
21313
2
2
42040
14
44331
1
4
2603
60
660
62
60
30
243
33130
63
1112
46146
343
4136
1
1602
6466
263
20
41
242
404
61
46
660
206
3
22044
60
2013
226
22
6
6
11660
2
22100
36
613
133
1044
2
4124
43410
32
30
31206
646
2
3
4264
4
1243
22
633
4
2
6
3461
31413
43314
2214
4
1436
16023
46130
1
3
3
436
623
2
4
1
22
16302
1236
6
1
431
63446
161
33
44
6601
661
201
1
42
22134
4234
232
3022
2004
333
2431
243
342
606
13
12363
6
6
341
422
22301
1634
2323
44
4
16263
3
320
116
63
1310
1604
32
116
3241
2233
3
44233
342
624
31
21201
1003
10446
66641
310
6024
26332
42222
31
6
4310
1060
60
6416
62
642
6643
3
103
64
2
346
14604
60460
641
30603
3016
61
12326
2
3
304
146
32
14
36
14412
32020
236
6
1413
6
22400
60
30
33
2
314
22122
34
34422
4302
6466
2323
1
1
14
601
43034
3646
243
6
6
20
436
10
26302
44216
64411
1
3
3023
1231
631
34
3264
4
22021
3
144
2
43106
16
262
33240
26
42
1410
41
1
6362
33
23243
66
211
12202
64432
4
124
11204
26334
6
63
3211
2231
66444
6616
4
20
34601
4
16
242
224
434
341
4633
60
10222
10360
1
2223
11666
2631
34
14
3
44
3243
261
3
14140
6223
20
32622
14
40032
60222
403
22133
2
624
4240
430
4
30246
41410
31
300
64126
3
412
2
63230
21
133
200
6
2
1332
4
14603
1322
22062
2
22112
602
22
36663
36
46246
21
43030
43
22161
2
2
33
41
13044
21600
22616
1
33033
1221
2440
1206
13
4
6244
63422
4233
24010
41
6
22
22
41233
634
664
3
40
106
41
6
632
26
11
31062
1
66432
464
11322
364
4
14
22
231
31
14062
2642
31043
1360
346
40
2
26
21260
446
6
44216
11023
1632
6
344
44610
661
3226
606
3
6
10
310
23242
1330
113
233
2
33661
22303
6
26601
43126
4242
14
3
6
61421
3631
4346
61
6
14342
466
13616
41
1
3
11332
13
23332
62
11421
1
13261
4402
20620
1
2
41331
21
1
44
311
1264
314
1
32
234
22
601
14010
663
2260
1
411
3011
46024
6
2
66112
63
22202
31
22
6340
4614
4446
46400
1066
3022
246
13630
614
462
1
63132
3343
61223
41434
444
234
4
6640
60
1046
3204
23
13314
2
406
62344
6141
406
120
64624
6
3464
2264
1066
1
1031
366
16
30616
2433
4260
14003
6246
61066
6
16303
224
22334
64
16640
41630
13232
6043
16
4
442
6
30340
40024
4064
262
66
34242
4104
41013
211
3231
64
103
3100
324
64
12
40410
10411
32230
40
24
4
2
61
40
6641
11660
2
2121
14226
26
24
16
3
60444
2
3
3
64266
214
3433
4033
3
4014
30124
1
3400
43
1342
2041
442
4146
1622
21362
2
6016
64413
36160
21
26200
23
2143
3246
4332
4
6
66
12
3132
26134
43301
3
1
1102
2
6
36666
136
6
1
40
3001
2
4032
44231
14
64341
426
23444
642
24164
4
4
14104
22002
1304
316
36404
334
11344
60
46
3
3
6
32
364
4
4
60
31
204
40
13
4024
11
4
163
324
20623
61431
4022
30
33364
213
11630
2
66
124
10103
26
44
40
33643
220
4
13
601
4
1
2
4
211
3
42
4
34436
2114
3161
3634
31
2
10101
13
4661
3
411
6
631
24024
613
2226
33
3104
66
4
41113
103
64101
4200
10422
236
423
62
14
303
20364
6361
21666
34
6002
342
6240
2600
63166
30404
31
4
60
3
34
4346
66204
33
11
11646
13
6
60
66001
16
246
1466
660
3
64046
4
63436
3
40
10
36021
4
2206
12
61
6262
4
1
6
123
141
12043
2023
3612
12224
3223
2
20616
2116
6144
334
10
1430
40
4112
4
4614
44
64
30221
21431
3430
32663
6021
3
11
322
3
44
600
236
422
343
13233
1
64420
600
3164
21020
144
413
21
1644
623
11
1
4
4
62116
406
100
1
1
1332
120
26
1
3
440
1006
413
3626
14
12
6144
6
316
4164
422
43343
26
603
134
66
3004
3
23064
22632
3
13023
3161
41
2160
11
3620
10066
3
24442
42161
4160
1
344
6
66
21062
32
3346
46
2004
331
3
31421
21211
12
110
16124
4144
463
23
3402
341
6210
160
34
46
66
4
34101
34
6
3
261
60
6330
61406
34332
2
6612
26223
3264
6
6216
6261
14421
1413
32
1
34233
663
13000
263
33322
6
111
2
62636
2
64440
406
63203
4
10132
34623
11
10
6
1461
1122
46
6001
243
620
44
6
21260
42010
664
3
3061
2
436
21144
4
436
40431
120
4122
21
16614
666
6423
40223
126
11
23
6
42
23062
4262
1342
14010
11262
1342
3041
61663
322
4
20
31021
4
4
13
443
241
61
14
2603
21
213
16221
1130
221
30640
3643
41
64631
3
63460
46301
366
61064
140
3
326
3
3
121
6
2263
200
3203
3644
1263
32613
1
6310
60144
3242
4
461
363
6416
2
1333
42
24006
31
3222
1001
143
46
44
22406
1
114
1
2322
44216
40202
243
16
146
6
63
3
2040
611
1260
636
2
3613
1630
1
2004
4411
6
63114
31
26001
410
3
42146
4
6
2233
3
6204
41061
1
24
166
1
31
2214
4
66
241
40162
462
426
1633
3446
6
24
2431
3
33036
2234
460
23110
4
60
42002
13106
2
4
44
3
21
4
3314
6236
46300
630
4
2
102
3421
13161
13
4336
4
13
63030
60
44
16
1224
2
2
3062
403
331
4
10
1
241
60
200
16
3304
44330
632
66
233
3
3642
61
26
364
41
4621
61
61
640
421
360
240
2
6200
2412
261
142
43
16
43
2233
40210
624
30111
23
13240
424
40
4
24
42
6
3
60
16
13104
34
323
6
410
46421
223
33
1
631
36
441
14212
4
6
24
21661
4264
2
6121
230
21142
64060
666
2
4444
6202
2422
2
3136
1321
12
6
23
36
3332
30636
243
6
32
612
44233
11
66232
42
4
64
111
1
3420
24
64
31044
3421
412
321
4
43006
2
62
3
3
61
3410
2
31
61
33
66042
2
412
1
13222
263
1
2262
64
211
22
21
460
2
424
304
66314
303
6
43
332
613
6
34210
64163
31
60626
3
2013
40
42233
20
430
6
41460
66236
203
3220
213
61431
3
2
46020
13
1411
60
26402
40122
336
604
131
6366
322
331
2
23
641
40621
646
2
4600
43
666
40
340
36162
34
423
33
60620
26406
23024
31
13
6
1062
3
3321
403
43616
21
3421
14464
6
4
4343
14
46
610
3
144
461
604
36
32210
6412
13
3361
4202
223
3
32
360
2103
4
14
14
404
16
4
102
363
3141
1000
43030
62313
630
142
1316
30032
103
3
3
21622
341
6266
103
44000
16
43
2
4
6136
3
200
3011
120
144
3
61010
13426
20
32162
3261
62
3432
6614
3
26423
23
636
3230
443
33
4206
64400
1060
124
2
1304
41
4
661
6
4204
1
1
1
40262
62
2641
4003
11
3242
360
1204
3644
41
2626
3
2110
112
3314
326
21463
160
66
614
3612
6
1
16
2
40
62304
2
6406
201
661
44
16
62424
31
1046
46
62466
3231
432
12460
340
3003
23
60160
13
462
2
3
321
6
661
30
132
30
11220
66621
123
1043
21026
63
2
621
432
4141
2
310
404
3
6
3
66
4206
620
3164
23360
220
242
64
14
4
440
11313
4
62663
13
61434
11112
36
4
44211
14
4
3
3
4100
6123
3204
44
163
630
14
2
34014
6
1661
23201
161
2
4
3001
6
3
13644
2161
33
21244
4340
2664
63
212
41
323
3424
6606
41
41602
3
633
400
4633
10401
4
4
4
3
200
36
14036
1663
4131
403
41
1204
3406
33
6341
1141
3403
4640
46
26
2064
3063
44
13
33
41
606
1142
111
6604
42
4
2066
11411
6320
6344
41024
620
2111
64
3444
4
31
24
1
36
11010
2434
214
2602
11
4
63
1
1461
122
2
334
1643
31
601
31
21226
10
6603
1660
1346
1
40433
616
3606
40034
66
341
46240
31
11
1422
6
1
642
4
6
3642
1
216
233
2
1
46103
1
332
24061
312
131
2102
2063
6023
24442
11603
424
201
6600
20
2033
11
2611
3
3660
36202
66146
1
6
312
3
4326
644
3142
164
14632
14
412
3
4160
621
16611
22600
4
33
6342
43332
102
6466
22
2
16141
2306
116
4
63
46
1114
41242
1
4244
416
33463
300
3
2064
4602
642
34
41
24
66326
13246
1
6
3012
32
23411
6
402
230
3100
60
6
62
624
62311
3
343
331
2
646
6
460
60444
34
16
2612
36
43
4314
1410
110
660
32006
314
633
1400
3
3240
13
262
36202
14002
63132
6201
10
2064
430
11
443
344
440
33
3624
1230
4
1003
1114
441
62
1
1
4
1
66041
64
14111
3
33
11302
64
641
2
1
3
40310
1623
120
6
6
11
1
43011
323
31221
33040
22101
43644
23333
606
62424
14304
3
132
20221
36
1601
641
200
4432
61
66244
6602
131
2622
2243
4
4
12
66
36
3330
440
100
262
3466
1106
44131
34046
41
42
2
12033
2
33
6
24330
6
32
3314
32622
6111
11
146
3
4464
6022
6124
630
43646
630
33424
60110
2223
1
1
31
64143
4012
2012
664
232
30363
6661
463
32432
40424
103
606
2
22433
6321
343
13
622
61
416
24316
3031
46020
40
2024
1
2
340
2634
14144
4210
2462
442
10
36222
134
3
33
2114
2
3
246
16410
10
34
1030
106
141
616
311
6326
642
10
36
1111
403
1
636
4663
46040
3
106
2
2
33
26
6
30100
12
31326
14
2
46646
31020
2
26
61023
333
1
3224
101
44
6
24442
4
6442
112
26442
13
3320
26
2
660
11130
1
322
6
3
122
234
1
304
2146
1
634
34366
621
14616
2462
6313
3
30346
6032
13003
11304
3166
31
63
3031
23
2013
1
46212
24311
3461
6
13201
33022
1
44202
432
2
41
42
4060
22
6634
21
6414
6232
26
14
66436
6
4
14
62002
46
113
2440
40
34216
60401
24613
460
62
1412
2
10
132
3
4404
33
26434
3
66064
2
4144
1411
11
44
22313
4
31
633
2
3
3
20304
6443
30
23
33611
62106
26
2040
63140
64
3410
1
6636
32
6061
646
23
26026
3221
2
3234
1144
1
621
40
6
2
43
1
21
41314
40306
34
23
34436
2
1
4
6
46
226
21410
10412
2266
26
3
46
13121
6
2330
42
3323
4
12033
13141
134
233
110
344
4026
433
4
221
1
2
26410
1
3
34210
11434
302
6
42
3
2132
62134
4616
231
622
466
33
10303
23226
40322
646
2622
634
431
301
2314
14
1
33661
12233
123
403
202
44
1431
20
1
2
2340
6632
2
3
31
4
12443
10032
2140
23
630
4
64414
44364
401
4212
4
21
11
1334
22
14434
40403
32303
134
3
6
6064
6241
6642
22462
1644
2134
64164
6013
24
366
6
6
3
44036
640
231
6
116
6216
1146
22101
1
6430
2214
160
3022
11466
44606
4
1211
41621
166
61
41311
3342
6
62262
42062
16661
1
66202
161
242
11
13641
1
6246
43
226
616
4222
41
211
2
30
4
2201
12
4320
4426
14
20060
3362
2
4
41
4244
24462
36
6331
1104
42
11344
1
262
4262
40
31
334
1206
6
16101
6033
36406
10620
1243
101
341
6036
1233
3312
206
426
1434
646
3
41662
6211
214
2331
461
1043
44
22462
4
6616
616
43
26
4216
4021
66
46
42
1
46
1631
422
36613
6443
14464
44340
62024
10
32043
3
3
2210
6301
6431
32
1310
4
41
230
3
30
334
46
421
143
1146
404
42
2231
4
4640
342
41
3441
14412
31
4642
4
4620
1
126
2200
6024
43234
3402
41
36
323
33013
6224
3
1434
2
121
230
3036
1000
6006
64041
44
62166
4
20
6
26
66
11
14
33462
44
46144
346
16
61062
61
11600
42
62013
13013
31421
6161
42340
21123
6426
3
6
44444
60213
1641
216
1
42
10122
326
2110
10233
46
22
4
3
6
26
26202
23
6
244
130
1134
43
34111
6
2204
4
12031
146
13314
23
6
22
3
13
244
64
3243
3132
6
361
6
60
40
32444
6
261
36
13363
36030
4
20
461
1
416
4
610
631
2
3644
624
3
33
10
4
6661
230
362
146
2314
4443
4021
2
3
1136
4
11412
3
64314
33
40104
14431
11344
2164
3240
6
6100
36322
2
13432
32
41
2
1411
26
2233
6
6424
32206
1
3664
426
6663
40666
12606
620
3320
11346
44106
314
600
6621
313
3300
4
2
26126
101
1161
2
3240
4
260
42661
3
3
44
42
24
31
6042
4360
222
42
44
2
400
6133
40
406
2602
14
13
244
4
16210
1
1403
60
12
1
1
1
62
6
41421
33
644
22
101
61
66112
4346
4403
6316
222
4340
364
1463
3
6001
2103
44
30
622
640
1
14330
22
4
1226
632
6
4
33126
34263
3
64
6
44320
24
3346
4
306
112
306
3041
14
3643
2
226
31
3300
20
3344
2
601
20302
66
44
12012
2024
242
233
22102
6
341
12341
103
21640
1
3012
201
1
3412
332
12202
333
4
42064
1
246
411
1431
3
12222
1606
64
26
3
143
12
40
61
2316
62
336
16014
64120
3000
141
136
63
6
60343
1
626
34
211
44
63
61
243
23
12
661
213
4
2
6011
66020
201
14
260
662
3
6
1
6
33
2
4
4433
6
2
2316
23663
1
403
446
131
641
12
6
41402
41
3
44064
64411
4
22
1646
6364
4422
603
623
4334
2
3
641
10
3
26
2210
1144
63
3
41633
64
36401
4
34611
4131
3626
4242
3
232
4022
61
3
2316
2631
160
6
666
26411
3
211
10
4646
441
34
11
2313
42
4
424
4
64222
634
36
2042
2
406
6203
3303
632
340
12111
126
240
33
324
46
3220
6316
6
624
14312
36603
36
413
466
363
24303
1210
32
26
244
32
200
226
603
14
4336
14466
3
433
41
46362
3
10
6
310
63260
3322
20
3
63
146
200
2
164
60626
4
6243
3004
6161
36036
101
43412
2120
3461
322
3
3031
40111
2
32404
413
440
6
2
1301
6131
14624
31
62
323
463
64
12260
2
6306
6313
60
320
34446
430
2
60
3
3
2
4036
4
44630
602
23300
10
3
63
2
3016
2136
32000
32
2003
2
32100
101
2
1133
23433
4402
3
31
26
21
13
46
64
2311
24
316
20232
66
2640
4401
6
64311
20611
241
16320
23101
60
464
216
4
1
30
6634
1311
3
11346
3
1
1623
32
66
300
32
4
43
1
1
6102
21
202
22440
2620
216
3
10031
2
32
3124
2241
66
6646
3
31646
16
6022
33
61164
13641
1
46
336
4036
4
41
13
6301
464
66633
66166
61363
310
426
44412
23361
64136
32
44
36261
6
44200
34222
1226
11644
43026
63
330
6
62
31364
61302
43463
6
332
404
6
2342
6
12662
31
4123
42440
143
1
4002
1
3
2
44044
446
1630
2
22210
30314
26
2
4
624
6
61
44
3402
130
646
331
63124
3301
6120
31
3
14661
31221
631
3102
420
4
41464
463
4
4164
62220
1
4333
60604
22612
4623
13
2
144
41
413
6
61
3
64414
2
3
200
3
241
34
4
414
3162
3
3223
332
2
4
640
634
41062
440
406
21
4
20
3
10240
110
6216
366
2212
42362
41
3016
43042
42246
3233
41
2
610
10024
60611
132
14
1
3
2
6264
1
14
142
666
3043
3
6414
3640
6132
1
61160
6
1
60
210
36134
6313
61
36324
23
34
140
1433
3612
2212
36
26
110
6
34210
410
30001
11
13
41222
1
63004
46
4
2240
232
222
2034
1300
660
3
41113
66440
611
26610
1310
4
6
26
41303
411
6604
30266
6224
61
430
36312
3426
212
62642
3
12334
3
10423
60
10034
6061
240
60440
16612
63241
4214
4624
40
641
11
22
6
34
2
40042
4
3
21
4
6224
36
21
66
2
6464
1
1
44212
6
14422
20430
6012
4211
21
3
6341
3
421
62103
33
614
1616
3014
6264
444
63
1462
43
2
66224
1002
3242
636
20163
21421
322
3
24
66146
306
3
33
6336
6240
12430
64
3136
66312
231
302
6
60
6
30211
460
21430
22
46001
314
4240
3
4
3226
21
200
22641
36336
41
2
6
6
664
6
1
331
22246
33
2422
61
406
41116
6101
4221
46216
2
12241
40
6
412
434
4
4031
16
62
3
10
461
232
42
2203
341
11
216
2
11112
106
36604
11
61143
21
2
14
36
6443
22
3
41
31
1333
13
6362
426
22
32642
1
263
3
60
213
61000
2
32
33
24
4213
30440
2026
3464
21322
130
63633
643
64
44
6224
441
16601
362
6112
122
2
1662
23
414
62
60221
324
16462
66
42
21322
31204
46
4
44644
43
3211
2
22211
42
4061
2
3621
616
161
631
664
4346
61
136
63
2
6412
32430
12
144
4
3006
13
23
133
324
23
444
44312
30
40
62360
616
400
3
410
2
3043
64431
616
16111
16
202
6
1303
41640
663
14330
61640
333
4300
13616
34334
66120
2
2
341
41
6
3413
11
621
33236
23
613
21221
1663
34
404
4130
26
10
2302
130
61
433
4666
32023
643
2
44
2
262
3
44
1422
440
111
464
40
44
3
24
24
242
13
64
162
34416
6
136
2422
3242
1
24033
463
3146
364
43106
423
6
412
34046
2
40316
20013
1164
4
60363
663
3310
66021
206
6
604
33
3
24
4
44200
641
43
33
2234
321
11306
43
4
213
323
62031
13063
624
2
31062
126
2222
21
3
30
643
40
1
10310
4014
36101
1
6
3
36
14
10
63434
36663
1
4
60
314
66
46062
224
26
122
31
2
3
163
426
26663
13
64
10
13660
16
6
3340
6164
3666
4
4
11046
32220
60622
3421
4
3
23
42312
2
20
1666
20062
22
23
34341
22246
13
2430
662
24
1
10606
2
614
431
42
24666
2142
4
623
363
1
6
3
44113
43134
12262
2032
24
22
46236
142
36
2322
33224
336
14646
2
42120
44113
26660
263
6
4
121
446
64
14622
20443
6
66
63
411
21
36
6364
32
2223
10
1
23
44
466
41
364
631
2
60
430
16410
334
366
16
4
2
6162
460
143
26111
222
6
2
31
10
334
33401
161
6611
6304
362
1
402
4261
3220
3642
6641
3
220
6214
4
116
6
1203
44611
6
263
3163
266
261
1462
1
1
101
4203
321
4310
6
244
4134
20046
236
36
4063
1344
16403
262
341
631
12
34661
6013
4
2
34403
1
21
14
241
662
6264
10
3144
11014
44
2
10
16
41
33000
6
3
21
43
6602
2640
66000
26313
36043
14444
12
2
301
3222
1
24
24040
1623
33
12
111
14
26
2460
3366
4642
3234
44034
63
60363
412
206
40344
2
2
4
31
1036
13
11
34
2060
33
3111
24463
1
2640
1260
406
2266
4
36321
3461
631
11
4
412
1032
66
2643
30
1643
2
1
662
613
16261
4616
36014
30
4
610
1
3046
20426
6
646
31
21210
1026
6
13
6334
12443
4
266
2
4441
3221
43
1603
36
10406
60
30
3
30432
366
40
3
2436
40212
4410
631
4444
2
6333
61340
41
3
16103
606
2100
6
63
2006
460
1646
346
11216
2
1000
6
1041
6
2124
210
6030
16
63313
4
310
3446
302
6133
3242
134
41
6
6
146
64
314
130
33440
63
3
2
6216
6211
6101
26
32114
1
4261
46
11261
14616
3
1
244
2
21
43412
12323
13
60
3
22
303
34642
3
10
36211
6
11
33
263
636
6244
4
223
626
616
6443
2330
6046
326
6
3
4
3
3
4
61
3264
13200
16042
60
1
66
4404
2041
3
66116
2
122
1436
241
3616
40410
2203
24
3206
200
1
41
63
663
4
2263
2
364
2220
43
14
34
36
4
62
3
60
4012
42
16
33
23
2633
13121
444
6
43031
101
3044
6
34314
24436
662
4410
64
23646
241
3064
30221
24
2
6320
6601
444
10241
244
4336
1
21
46036
314
46011
2112
324
30126
406
2000
1
210
6003
6
402
434
43
60
3612
33306
23103
6044
661
413
12
34324
263
11120
2
20336
6
31
4
3113
1
10
21
3443
624
40
614
46030
4
22633
30
2
361
1
12
342
26432
6
2016
36603
4
10446
2066
1640
241
2446
40
3116
3200
23
36362
61103
23033
3616
2
344
3
22
6
40
11211
2602
3116
4
3331
2
4
1362
62144
33
44
1462
20
3366
20
24
20
61
23
2
61362
43
2
3
4
2446
233
312
14
324
32142
3
436
313
6213
1
240
1
24
63343
6362
204
2
1030
2
24144
3
6
2
2104
1123
26664
34023
22400
61
6234
46
60
1
24323
33024
63
12
6
4316
4
4
22
4
4624
13002
32
6
421
361
212
160
20111
321
334
6112
33
1
3
211
26
4
2131
33160
32463
311
1221
60033
61
16660
4
326
643
33
42
4
430
660
33300
26222
3
2
16034
41
14422
46346
44206
32
632
62234
4221
42
20464
6
3
16341
2
1131
64306
23120
326
4
312
361
632
43
101
66322
3412
2622
33320
21
3341
4
641
34
32
4336
301
60213
6
3
63
21
313
6424
2462
222
6
264
2
3
604
1434
3223
60
4621
606
2
403
3646
31132
14
66
3
1424
321
43610
12412
2036
2441
4004
44012
66
160
1134
621
230
434
333
302
4624
3433
1
3
630
6
14
44161
41106
666
606
614
6
303
2144
324
233
66400
3401
44
21
16111
644
10
2
30033
3422
4344
4640
223
4316
11323
6
6
230
23
602
146
62
66
10
441
32444
4463
23602
3660
63234
26
3313
623
2
13211
61
2663
2614
3
332
6
2306
62
64242
26062
3
360
4
3362
1436
6261
1626
322
21
36201
1
4
1141
1311
2223
3
2
1026
40414
2
43423
6323
61
303
13
62426
2
631
61616
43430
4203
41264
41
4
41
3324
1
40
10334
1642
260
26441
4
30262
61311
201
23
631
6
333
3
1060
343
3046
46146
30040
4042
1
124
36246
3
2611
311
3
626
42040
1
63
34
413
2144
3
66406
1
1
316
36
12
14611
260
211
41
301
3220
6
1
146
1444
42
2
210
3462
43114
63143
42216
126
12421
6
6036
11144
220
630
1040
134
133
36
4
133
6
64
12
23
20
34
24
6
21633
16
43
16
1
62222
666
433
4
1
2363
426
66001
4
42420
4103
64434
6
6
6
6412
222
40
2440
613
616
16
1316
16
16361
30616
132
10
32
2
30464
66
302
221
33
646
14
2443
20
363
40
120
463
62224
32
42663
443
44206
66
6462
16
2123
1014
2430
46
4231
311
6314
164
3200
1
13024
44616
10
40
1600
14
2236
4
32
4330
36
46430
1
4006
13
44002
4
46
6
36
30
4314
2440
30604
3
2601
620
21
66
64114
426
1242
6
6301
63304
622
16
30
22
12140
214
4422
1
6
324
31121
41
66
604
44
36604
1
61
232
610
33231
10
314
61
401
202
3301
4462
6166
61
34
6
1
3
40
43212
6
3664
13
2336
4
14203
2036
2
3330
66
46
134
40432
126
266
666
34612
231
30114
41
6
422
30202
3
12060
1242
1261
23012
334
363
66242
626
4
3
161
14
624
600
2
1
61260
12121
3
21
26
3
66333
6202
344
64
404
44426
4313
60344
61411
4661
1400
22642
416
3
36
30634
22
1
4264
3140
11
26442
24
6
201
64031
1
31132
22113
16022
1
6213
63432
641
4110
4
64240
4040
61641
6
6
13
14624
30434
41
2
3
42
4361
132
36
46422
23
11611
241
2310
23042
12202
31
4214
202
1
316
11
422
1313
66
31346
6240
4
231
30
21
4
30
4624
6340
11
3
66
4
1
44403
410
64126
6366
3
2404
61
6
42146
6
66431
64422
34
64
6642
22
232
4263
4
11314
3413
64
2
6
6
102
23
1
2
360
624
62
16
160
4
63
42342
60
3
2
6234
6
3334
6
24
13
3
246
40643
46
3
3312
34606
4363
1604
200
24346
4
2
6
1
4
6201
2
13600
2446
6134
30642
32366
13136
43
24
263
14114
3
44122
211
63011
206
60
434
62
1
1466
21
334
40406
6233
312
34120
3
1
22410
3604
30
2
22444
126
631
126
21
240
1623
34
6361
36
210
16000
66611
6061
60342
60
222
4
14014
12
4326
1460
4324
3
6636
63111
3116
1
363
30
1
32
326
40406
42
4001
3666
3
40
311
246
100
13440
42301
4
261
613
13434
3224
3363
36
1
402
1
1321
204
1
62631
663
64643
22
31106
1202
14
41634
331
62132
1
60303
2
242
3
26
32144
3
42
60310
2442
24
434
3
104
36220
32224
6
1
12
2240
22312
3621
24
63
42
61
403
334
21
631
6130
1
10230
4
601
26131
36
1
3
2
2
112
434
40620
36
2662
1
440
4
613
62
4320
1
26
326
11613
23
4
43
401
40
212
66602
44
26123
1
60000
3
66401
126
4612
1
