436
261
3
212
244
30
60
1
1
106
643
464
4
2
1
3
461
43
6463
13
42
4614
6420
66
1031
3234
2
631
434
2
1062
60
3
3406
1
603
2
222
1
43
1
2266
362
10
3402
2601
1430
6444
4163
626
244
1263
103
3
23
1200
2004
6300
4
301
114
32
1603
100
2
36
236
2220
2
306
10
346
66
10
423
31
642
6004
3
601
20
1012
346
22
3161
6242
40
236
1
322
3222
34
33
2344
341
2423
143
601
2246
2
4416
6
24
6
13
6
361
66
2
1166
630
1
2432
30
6200
60
21
4
4240
6411
3
64
36
3041
2064
123
63
3
662
44
61
22
24
4
40
341
4123
6360
132
4
34
1266
1100
230
631
221
6
2
6
133
313
1606
3346
3101
410
40
406
264
26
3
2436
16
1034
1
4236
41
34
463
12
14
12
6
2104
6341
136
31
40
1
432
6342
1
3031
46
12
6401
33
16
362
630
261
341
1
4
42
324
32
4
23
3
2301
4331
636
43
1
644
606
611
3661
23
240
34
3061
6103
42
40
4
6243
622
6006
2
430
430
64
4046
1341
6
6626
221
12
3
1200
261
162
2113
60
1002
3
346
3
120
333
3
2640
6636
42
10
13
12
3162
6
604
1
40
4
3
30
4141
4616
244
320
321
4
1
641
3
16
6
231
6011
162
3
24
644
3
24
410
34
3
32
13
31
3
2013
6063
631
1
3134
116
166
63
4242
1410
343
1413
21
1
333
6222
3403
20
1
22
21
113
1266
4631
6462
4264
124
6
1
660
42
6
1110
4
4
306
3
466
143
3
6162
6334
4063
3622
1166
40
3636
23
2030
202
2
4
244
610
2406
114
2626
22
413
41
366
21
230
1442
646
62
12
6123
6316
31
2440
41
121
12
436
1323
1
12
3362
211
4606
32
61
40
2242
6332
144
664
34
4223
3
12
111
4416
42
43
146
6
1
4
6
362
6610
4
4364
362
4046
2
31
1032
2246
4040
40
3162
36
46
2
62
604
40
666
1322
33
3
1643
634
3
12
1431
43
236
24
6024
6200
201
2046
3426
6244
6306
611
3664
304
2104
16
6
66
3
320
13
1004
220
2200
3466
22
126
6
142
44
3011
6434
622
4
413
10
1
62
4
311
4
1003
4
13
44
32
1242
360
4
4202
1143
24
6010
3
4120
21
316
4461
601
4236
2142
161
4404
26
40
22
313
64
2
42
1
4131
13
2
2
130
11
1
6
2664
40
40
3
6301
664
3310
424
12
64
4
2416
6310
6303
3464
464
421
6401
13
4
2
426
13
12
161
4400
1
24
26
6
4
230
6
64
6046
2
130
642
613
4
3413
61
3363
461
260
31
20
21
662
460
32
60
2
16
140
2663
23
120
22
36
162
6
1316
2
4
33
2
66
12
1122
30
3213
6
4241
234
36
31
2
630
44
2
36
6232
60
3
6321
1
2
6100
2
4261
1
3
22
6244
30
461
40
41
62
13
343
32
3
641
646
4
1
34
3433
4344
64
362
26
6020
6606
340
26
2421
2440
13
43
34
236
6
16
6334
12
2332
24
2343
6
434
363
2102
30
123
14
3344
3
6260
3614
234
31
43
3016
20
1613
6603
1
614
210
4146
2313
36
3602
324
4
4
1
332
3
411
414
4413
413
2
243
2312
2412
64
2
14
61
211
102
3
23
422
202
3
1211
2231
631
3664
600
2
2
264
23
6
4
433
4
1
6221
3360
2222
121
6406
6
1
1
26
6001
20
26
4310
4
1110
2303
220
3
201
4
6222
62
612
3024
4623
204
1260
436
3
22
2203
1
102
2141
1
4012
1
1636
3
4612
4231
24
6643
1
16
32
342
43
40
6461
3
1
22
6
340
33
1323
1242
4426
2026
1240
20
464
644
1363
402
6
621
1260
11
3
160
2
1340
2231
26
4111
6
4443
1101
411
166
46
620
321
620
206
6
1
3
23
422
3466
23
2
16
2
1632
1
303
662
6221
6404
6621
122
423
6036
3
663
3340
3
1214
4114
41
106
41
616
6
4
6
210
634
406
64
1
26
61
24
2124
1113
3
6124
134
2220
113
4
1
432
3
4
642
11
4461
4611
1
3243
214
26
62
6046
2
204
2
3102
16
4013
144
26
2
1
103
6431
61
6
1243
6
6
6
41
20
6
402
63
22
4203
31
44
236
43
6
323
3
324
240
3
4
34
312
10
33
2
164
6106
2113
3
16
20
1020
33
6
443
4
2331
62
4634
24
2061
1061
661
423
24
4
4224
1621
2421
2100
31
1624
341
6
63
4232
1400
1
220
3262
30
330
42
44
64
346
4366
2134
41
14
661
621
1620
1
4
4063
2
416
4
1314
1
61
216
44
1061
4
2
4
3
331
4
46
3
66
1334
13
6
42
6
12
2222
2114
6062
3240
26
433
460
3
263
4
2616
6
1
1011
3
2
3263
101
4
1631
4041
13
4011
1
1662
1013
1
2644
316
313
40
646
6643
2621
1413
6063
3
60
143
4
2330
21
2
664
2
43
2
601
63
6330
