1
1
1
1
1
1
1
1
1
1
1
1
1
1
1
1
1
1
1
1
1
1
1
1
1
1
1
1
1
1
1
1
1
1
1
1
1
1
1
1
1
1
1
1
1
1
1
1
1
1
2
2
2
2
2
2
2
2
2
2
2
2
2
2
2
2
2
2
2
2
2
2
2
2
2
2
2
2
2
2
2
2
2
2
2
2
2
2
2
2
2
2
3
3
3
3
3
3
3
3
3
3
3
3
3
3
3
3
3
3
3
3
3
3
3
3
3
3
3
3
3
3
3
3
3
3
3
3
3
3
3
3
3
3
3
3
3
3
3
3
3
3
3
3
4
4
4
4
4
4
4
4
4
4
4
4
4
4
4
4
4
4
4
4
4
4
4
4
4
4
4
4
4
4
4
4
4
4
4
4
4
4
4
4
4
4
4
4
4
4
6
6
6
6
6
6
6
6
6
6
6
6
6
6
6
6
6
6
6
6
6
6
6
6
6
6
6
6
6
6
6
6
6
6
6
6
6
6
6
6
6
10
10
10
10
10
10
11
11
11
12
12
12
12
12
12
12
12
12
12
12
12
12
12
12
13
13
13
13
13
13
13
13
13
13
13
13
13
14
14
14
14
16
16
16
16
16
16
16
16
16
16
20
20
20
20
20
20
20
20
21
21
21
21
21
21
21
22
22
22
22
22
22
22
22
22
22
22
23
23
23
23
23
23
23
23
23
24
24
24
24
24
24
24
24
24
24
24
24
26
26
26
26
26
26
26
26
26
26
26
26
30
30
30
30
30
30
30
31
31
31
31
31
31
31
31
31
31
32
32
32
32
32
32
32
32
33
33
33
33
33
33
33
34
34
34
34
34
34
34
34
34
36
36
36
36
36
36
36
40
40
40
40
40
40
40
40
40
40
40
40
40
40
40
40
41
41
41
41
41
41
41
41
42
42
42
42
42
42
42
42
42
43
43
43
43
43
43
43
43
43
43
44
44
44
44
44
44
44
46
46
46
46
60
60
60
60
60
60
60
61
61
61
61
61
61
61
62
62
62
62
62
62
62
63
63
63
63
63
64
64
64
64
64
64
64
64
64
66
66
66
66
66
66
100
101
102
102
103
103
106
106
111
113
113
114
114
116
120
120
121
121
122
123
123
124
126
130
130
132
133
134
136
140
142
143
143
143
144
144
146
160
161
161
162
162
162
164
166
166
201
201
202
202
204
204
206
210
210
211
211
212
214
216
220
220
220
221
221
222
230
230
230
231
234
234
236
236
236
236
236
240
240
243
244
244
244
244
260
261
261
261
263
264
264
301
303
304
306
306
311
312
313
313
313
316
316
320
320
321
321
322
323
324
324
324
330
331
332
333
333
340
340
341
341
341
341
342
343
343
346
346
346
346
360
361
362
362
362
362
362
363
366
402
402
406
406
410
410
411
411
413
413
413
414
416
421
422
422
423
423
423
424
426
430
430
432
432
433
433
434
434
436
436
436
443
460
460
461
461
461
463
464
464
464
466
600
601
601
601
601
603
604
604
606
610
611
611
612
613
614
616
620
620
621
621
622
622
626
630
630
630
631
631
631
631
634
634
636
641
641
642
642
642
643
644
644
644
646
646
646
660
661
661
662
662
662
663
664
664
664
666
1002
1003
1004
1011
1012
1013
1020
1031
1032
1034
1061
1061
1062
1100
1101
1110
1110
1113
1122
1143
1166
1166
1200
1200
1211
1214
1240
1242
1242
1243
1260
1260
1263
1266
1266
1314
1316
1322
1323
1323
1334
1340
1341
1363
1400
1410
1413
1413
1430
1431
1442
1603
1606
1613
1620
1621
1624
1631
1632
1636
1643
1662
2004
2013
2026
2030
2046
2061
2064
2100
2102
2104
2104
2113
2113
2114
2124
2134
2141
2142
2200
2203
2220
2220
2222
2222
2231
2231
2242
2246
2246
2266
2301
2303
2312
2313
2330
2331
2332
2343
2344
2406
2412
2416
2421
2421
2423
2432
2436
2440
2440
2601
2616
2621
2626
2640
2644
2663
2664
3011
3016
3024
3031
3041
3061
3101
3102
3134
3161
3162
3162
3213
3222
3234
3240
3243
3262
3263
3310
3340
3344
3346
3360
3362
3363
3402
3403
3406
3413
3426
3433
3464
3466
3466
3602
3614
3622
3636
3661
3664
3664
4011
4012
4013
4040
4041
4046
4046
4063
4063
4111
4114
4120
4123
4131
4141
4146
4163
4202
4203
4223
4224
4231
4232
4236
4236
4240
4241
4242
4261
4264
4310
4331
4344
4364
4366
4400
4404
4413
4416
4416
4426
4443
4461
4461
4606
4611
4612
4614
4616
4623
4631
4634
6001
6004
6006
6010
6011
6020
6024
6036
6046
6046
6062
6063
6063
6100
6103
6106
6123
6124
6162
6200
6200
6221
6221
6222
6222
6232
6242
6243
6244
6244
6260
6300
6301
6303
6306
6310
6316
6321
6330
6332
6334
6334
6341
6342
6360
6401
6401
6404
6406
6411
6420
6431
6434
6444
6461
6462
6463
6603
6606
6610
6621
6626
6636
6643
6643
