3661
2
60323
1
241
40
6632
4
331
40424
2460
2424
211
64
21233
1
612
620
234
34144
612
6
4
341
6120
1
44424
1
64
63
3031
1
13111
34340
346
40
3
4211
32
12331
360
34
3
112
6422
44
10262
34
33
442
230
10101
1411
22
614
64261
6262
46632
6
6
21442
6
600
1
2632
631
6006
4036
41240
4
2406
11
3101
43
16
2610
3
62
631
62
301
6
3631
61604
11003
34316
16
1630
6
321
6214
66146
3
102
33610
6200
42
66132
1163
3
10
21623
23
61
26
11612
32
46
4023
34
31243
6211
4
3
1
60112
11
212
64314
36
21600
1
42
1
304
33463
3116
61464
3004
3
6320
1
1342
2131
660
40100
314
3346
26
31
11106
2
40
3
30632
42243
1
402
4
43
2
26
1
22
32
1
2
44242
12
20
42
24224
44263
23636
2210
6
64123
20
611
44246
6
1314
440
1446
1
43011
340
6026
36
44
1420
62343
41
204
13644
2
1002
33
64
4241
1
13
412
34
16
3012
16340
614
13
1313
24
33
40
424
6020
1
102
32
40631
46
20444
2661
300
6
2
2
16
610
62
3
3466
63122
2442
246
42241
41423
12613
60
1624
43262
30
440
34100
3
206
321
624
3
6
11116
6
44
22
6
43
4412
322
12122
224
6224
166
6
601
3
63204
2630
2263
2
1131
3
310
33
121
66242
20061
1
1126
122
46004
24324
2
133
1
221
4402
64360
3
361
32
3
3
6332
32
4221
6
200
2233
3303
13311
32003
604
131
26
223
322
33662
26
412
33440
2
3362
42206
16
3
42
20300
60143
21111
1211
644
6
323
66
2
3300
11
1236
36
32336
10206
30322
3
100
1141
22214
2124
40
4616
12
3001
22
41344
4
416
23633
10024
641
36
230
16632
6
21
1420
443
64
64
36102
142
60333
42426
23
3202
2063
613
330
620
1123
3622
23
3
66
166
11612
636
636
3
33303
101
222
10
66
6
26
420
6246
6423
1033
1313
66622
61311
16
443
2411
2
3
6
244
40
162
30442
143
101
264
12
304
423
13611
6
221
4
44013
260
331
414
6
1
10
226
2420
36
2666
411
60
42
23
16
60066
21440
101
16
6
3313
11
24446
61014
226
30266
3
2
1
46
1
6
331
24206
4366
220
2644
13
60
4231
1
11323
1112
3323
32
2242
212
22
21
626
61216
4046
326
13001
1
2
1021
1
3144
166
12244
6
4
6
262
2
1
6
11
330
400
36
324
43
14
24604
330
422
661
4
16
3
13160
22604
12361
411
13
3620
1
43044
41
166
11323
324
2220
36
60066
66620
66166
12044
3061
3
26
2
163
2046
62134
10321
16102
30
163
360
43021
116
3
33406
63363
3
34
466
6312
244
23
4266
32
11043
3143
60
6
4
44
1
2321
3
4246
21
2326
42
1430
42346
601
22
11030
6
66344
31
6246
140
1001
43
431
644
241
30132
30
14462
63
11300
4636
4
1
22162
6
2
30211
13462
2
431
3433
30
12034
1102
43
13
40060
22
110
60646
23023
236
201
13243
620
62
13
4364
600
34024
4230
33043
4
4300
63031
3304
6
614
3
212
26162
63613
636
3642
1321
4
212
6434
244
363
111
42
2623
43
312
64
34062
64042
33
42
333
6611
13
3
13616
6406
42420
33
142
320
4
421
31012
14444
2
42002
26
2030
34262
623
30461
3
160
1464
106
3
62
32
24
2
33
14
314
26
303
31
2666
121
33
10266
3320
1410
3361
6
32662
4
22620
6063
43423
16
6264
3
3243
112
3331
3
6213
2
134
3
12
6233
10633
460
6
220
33224
2103
21
2003
2
106
236
10
14031
3042
21442
3
22666
1
6
1636
322
663
1
364
4
6616
4
143
6
44
46
6
1
64114
64
30033
2411
3
3000
6
6
1
2410
6
321
36200
642
2
2446
3633
34624
1264
234
2324
211
321
621
32102
4
11306
3330
1606
44
2641
64162
63214
4444
40436
3413
40
61124
44324
4
2632
446
60
6
6663
6
602
3
3
41
41232
1644
30
32030
336
246
436
410
3140
4662
6163
61
62144
1424
30
6
33
60612
234
106
44113
3
12022
124
6
23160
10
24432
63
11
12
3200
144
4
216
14044
6
3
10306
64
66631
3302
366
12
6141
64400
42113
4446
16
66641
421
446
6344
42
23
26002
20
300
323
2422
11663
4
10
26260
24323
332
3
2036
14
62
1
2
2163
140
242
436
61300
1
1144
4133
4
26
4
2
11113
100
331
106
424
124
1164
40
1244
4
6
222
4
2
160
266
21
20664
142
2261
4124
204
30633
14616
1323
112
636
3031
2
4220
2042
26
6
1024
26321
4206
23
6
464
642
36
1
66202
2
1
4264
6634
6
260
2
1
20
4
116
2
46
6613
14
6
4
1421
6160
2414
603
231
102
11
20
1
1062
42
4134
22032
4034
36143
206
20
2432
4462
3424
600
42
6413
60
41
2
3
6
6
20
263
110
4
33
6162
4
4
3243
6442
6640
16331
3
4014
3
134
324
622
214
634
4611
14
21102
2114
36031
30
41461
413
42204
64203
32
211
143
1
20661
63
20641
643
42
2306
60
3631
43
301
1446
332
23060
6
14041
233
66
11
43044
3416
63
1
4
60
4
13
32103
410
444
3
3602
3143
6
4400
23
1266
346
2
20242
4210
21442
4
3
13616
634
601
321
22441
4
23313
4121
13100
6
63240
1404
40
606
3
64
16461
42100
6362
2
46
4
36203
43064
2246
220
1
122
306
16343
40
3366
2
232
1220
1411
3360
616
31324
146
364
2666
204
26014
3240
24016
620
30160
166
3611
4
20313
642
21
40
203
63661
46410
3612
636
4606
10464
403
30223
443
6
663
36323
646
4
16114
3
60
144
14166
20260
40413
1236
662
114
2
123
6
4
4
41114
12001
1
24
14
60
136
12341
321
3
1611
621
412
24
6
6021
1
24420
23364
6
641
2336
1
4
2430
44016
4261
24
41206
30314
2202
6240
4
3604
44
4
4100
4120
2242
2411
6202
12
24
3343
33
1
41436
61
23361
212
63
6204
166
46624
3
1
32600
22
1142
31
602
63
1441
32
41
6
2234
12
11140
204
36604
43
6401
1
42
43
20331
46
1620
43041
333
1616
232
3
62462
62
33201
12
14
62
10630
4423
66134
416
144
40
1
621
126
24
26031
6
3
20424
34
32
42
2043
1613
3
666
14661
203
2101
36
232
32161
21
4
331
3263
341
14
30
3
26
222
111
6
33
16460
3
32431
24606
3
62
231
640
43
1
116
433
2
4
1
64
60
623
30
33410
23611
64321
136
663
421
11
13
214
2221
44
32
3300
600
360
33231
231
26620
1611
3
6
223
21
42230
233
34620
313
4
40326
2
30101
64666
3
62464
20441
12
10011
2312
23114
1416
1
41
16
11610
43434
1
44411
301
132
146
10
2310
4
21
233
14
424
4
3234
61030
62103
2
12401
632
4
1142
4166
1
3
20104
2
43206
21
3
12
64
10013
21230
63
20
604
11
21444
244
32414
6420
244
6001
4
324
3400
1641
4
4146
31031
24
6
344
1012
133
340
61200
42133
1
4
34
134
4026
36
443
3
340
421
61
4
16111
1
331
23641
6
2
462
2
14342
1034
40346
24132
4116
1
46
43
2020
3141
11
16
266
314
16022
32
3040
111
626
114
44
42
2600
21
2
2
2044
10
6360
6626
61402
14644
4
423
222
33366
6
601
42
4426
216
143
22
10
122
2312
60430
6202
644
6
6646
24320
3
621
33
4
40
21240
61136
3411
3
1310
644
41146
1001
33423
61111
6
32
33
44
113
4
164
61
4
6
6362
216
4
6
224
4133
14103
320
16314
3421
44661
1
6
16
1602
4
20
23
426
22
233
4302
3
16214
1
12
43134
4
642
202
321
3400
40
6
21
1
26301
3
23343
3003
3
4421
440
41161
1302
4
41030
22233
204
3
34
64426
11321
3242
233
204
13363
601
1
3006
3223
60
22016
24364
6
644
232
400
60123
1136
62
330
22
4
10
622
6602
66
11
32630
110
323
310
463
22
40263
12666
41
241
34406
1644
60266
432
620
10143
6
6322
44206
4160
6436
61
30301
46
1
6
2
6130
3
331
10
1423
301
63103
63263
3446
6
2102
43
2203
2441
36031
110
36
60
20026
1024
333
144
60
11
461
6
34
4
1602
464
1446
260
6063
6243
44106
6
12
46
30002
406
3422
24
3413
43
146
46
4642
3
34233
34213
4321
41
62
3
1400
31312
6624
1
33042
41
604
2341
31162
4
1130
106
402
3
410
6326
1343
1
4
6
66036
2
3
223
616
24343
3063
4
42
42
1
61124
61
40
1242
2624
14363
62640
61
60
4
40
60231
4336
614
4262
4
3
63111
2
624
21636
6146
2434
64206
14141
426
4
3360
60
12
30
44
13023
1342
2410
21664
140
3
13
321
34
260
1226
3230
4432
400
4644
41
1
43
2
13234
60
3
3342
362
204
12046
31
4316
1
3110
4102
64400
2043
20062
63
21463
363
142
11010
4
13401
64
3366
6611
3
4
31
6
46
64601
3
44
42644
421
4
1
2244
44303
1242
63246
30
406
462
224
3
2100
636
46303
43411
1311
1
2320
4
30
41201
26633
3
6
1112
3
23443
11463
66
61004
2620
26314
221
43326
1020
63
1
603
3403
1
26620
1
31
30
331
4
3244
61
16031
64
33
2
22
26
60324
6
334
46
40242
66
24301
6
1
24
26161
6
201
446
4123
24300
4234
6
2132
613
14
1
1
21
210
160
6
126
1
60
30232
6461
44330
1
32
4
40334
46361
11030
333
60
402
6
6
601
130
6222
20
624
62366
4323
16106
412
21
61116
13
330
116
1
3
13
3
4
3
4
2
16402
332
3
63131
3
1
23
11443
661
266
43022
664
3113
364
6224
4
1
46
21
64163
6
61416
14236
21
4
40402
31
6102
4414
4
61
2
3623
41001
22
11426
21331
4241
4344
60
62
1226
3463
322
21
64043
61112
611
13
60
10
23002
66
666
213
3
63
111
2
26
1
2
42161
136
343
21
33346
13143
4104
444
436
404
600
12
16226
366
2
2406
6660
2632
30
1624
4401
3216
222
6331
1
6126
2064
32
2
220
10631
32
406
422
1
6026
1
32
1
3
6
14604
363
1034
1
3
12
620
6324
2
4116
3
1
2
46
342
23
64041
34
32164
1
6
34033
433
4
3
1412
36
14
6
4
3106
2
40
14441
6
30461
432
2646
6426
60
2341
13432
1121
23
121
1603
641
21
4122
16
1336
1633
660
330
640
3
12344
4310
2266
11021
124
6
14621
4134
426
4233
2
404
11
330
330
234
2
2
4
60
201
26
40162
23
6603
30
61
6
3246
6030
146
6466
1610
21020
3
6061
1014
20
140
141
3
411
3
2
2
2614
20
3111
3100
4014
2
64060
66010
6310
1
1
2212
4312
41
44462
160
14
346
1
666
363
2
23
36200
31
26164
11
1013
60116
6
14
444
632
111
4430
13
3
6
24320
6
42
4011
3016
2
31
3
41631
62
1
1230
36
62434
242
2364
320
21
3232
46
6
1340
6023
4643
40
4610
11242
301
41230
6026
422
16
163
202
21244
11
1
31
22
622
4
613
1214
4
2
1
6
1040
60041
101
461
2
31
6131
3162
2
36
6341
3611
633
61
306
2340
14
1
3434
66
1014
101
4
6
33061
626
2216
2144
42310
33063
2
203
33020
111
26
6
2
240
36
10
6344
6
1
430
211
60334
21043
33
3026
42
4
446
11120
4213
41362
344
220
466
1224
3306
313
463
1423
4
12423
60122
43631
24
36466
2
66123
42
23
666
22
2212
4162
130
14
32032
303
1203
26
6
20102
22
6
23042
4
6
3
3
40
3324
4364
2
60034
14161
20264
16423
3021
201
66323
344
41
41311
36
4101
6106
1
41161
2003
12132
111
32
404
66346
20140
4
162
1102
1
63623
364
133
3
3124
412
63
31161
2110
664
3302
4
260
61
4432
21641
2
1
11
6261
26604
42266
43616
3
36
4613
230
2
363
321
31
32
2
63320
6062
631
32
22616
630
1
31104
236
326
640
42133
4306
323
3402
40612
3
102
12422
4
63460
623
1
10162
102
1016
620
4
31406
36
1
6263
2632
10030
1
60
6310
26043
46421
13
6063
22
6
20034
6311
4
401
31234
43230
46360
2
3213
116
34
2236
146
40611
6
66
340
646
426
26
3612
1102
22304
214
64
61
160
4
42231
1
40
2661
22
3
13366
31132
2631
226
4
3
6
203
62113
3
1
3
26
6
2306
3
3
1431
1660
11020
2
1334
30331
6424
16
660
406
4
1
4
3130
244
13313
6232
46360
621
432
322
41066
2431
4623
33330
3043
6322
1
3224
6
1
24430
614
63
3
26322
214
6
6
6664
11104
4
12
6426
41232
30
3330
4626
4
22
1
3262
322
33
66
4006
2662
643
306
1
46
3421
4
23
310
13
30
21610
621
426
442
66
3020
2
4
6346
14061
4
14444
64326
14
62301
14
14264
3214
2041
61
462
66
4440
336
23
2041
1
2
331
23
36
6
434
4322
16662
66416
40
160
3240
2232
40
2
1630
2
22263
1
1264
3101
31424
64
6626
2
226
4366
34010
21
33
1
134
24331
33342
40
421
1
26
32414
6
3
4044
6
11
2
13
314
36601
220
22
2
13043
2203
3
63340
44630
242
324
10
24
41212
14440
334
4014
213
4
2
3342
1
310
1
10230
320
34
3
12434
61124
112
64
261
64024
1631
36614
202
1
31
10111
1
16062
3
4
4
2211
11
46
11
6
224
4202
1
462
11613
63024
34
2024
60
30433
346
431
30114
342
62002
1
240
6
10
20261
416
6234
33432
620
6
66
600
6444
3126
112
446
321
20
41
443
64
216
3
216
1000
4
6613
36036
426
2
162
66
1303
12226
661
34
1660
33
2204
303
621
1323
63
6
3
61
41161
1
114
2
2
4
6421
3430
1
3
4
41
66
1113
64
1266
2
4
224
2464
2333
6211
43062
40
1624
600
2621
3364
42
1124
4
320
23413
63166
1666
11406
101
2
2632
43664
4
633
11
3200
6631
12
12634
14426
21
32406
134
4042
31
2640
24013
34
443
11244
316
3264
3
221
24
40324
3001
4326
23644
4
22
40
1064
12066
630
4463
424
41
3
40234
313
411
422
2
401
341
6
2
33021
331
3042
2442
16234
31
421
3
63
44600
1
4
443
4320
14623
6301
6632
243
44
10
414
40160
2046
3062
31613
1
3
40040
210
6
613
63
2133
10
1043
14464
104
32
6
322
1
123
401
40632
1241
36
36161
42666
4
14661
31
41632
24
1
2606
1
22002
161
11
14334
211
2124
66132
60
6041
26600
2166
63
10
1201
3001
6
6
113
33424
306
34664
21
33060
362
31213
43160
33464
30
46432
414
24104
12002
46660
4031
43
663
1
6
3
1213
143
1460
41413
64
1
66
4
1
3123
440
1061
16
42
40
1261
423
1
2246
64
64
34
322
332
2266
3226
101
13
30102
31
20
3
23024
3
43432
14100
130
4466
6130
6042
46
21
60660
211
260
6601
202
44
3
1034
10430
2206
64462
4664
61436
162
40
11
2
32003
1
4
412
6443
2116
64
30103
30
206
260
121
44
20413
641
4
6
610
430
4401
43603
4003
2441
6362
60
4
1104
32406
21360
30433
332
26003
463
12300
3312
26122
4642
4303
406
36233
32144
120
36102
2604
2
33004
143
4
113
22
66
6
602
3
16
42240
1
4
36326
66
24
13261
1
64200
63631
164
2
24011
421
211
2246
3
32
13
64314
3
2320
6624
442
34
141
6
42262
12040
60
64
313
20
444
1434
63202
444
62004
322
4
41304
4
4
6143
4
10
40402
2402
36
1
111
43
1013
34041
22
62320
24
13261
6040
20106
10061
404
6
161
24
36141
26261
2
4
33
44
2103
244
44
10
6646
1
64
60
32
46
114
24
4240
60342
203
4
6326
2303
3
322
346
44362
11
23204
2
21240
1
23620
4
443
3161
63
2
113
2043
1
243
661
22463
11114
1
3614
2
4
661
6123
200
2231
333
32
14446
343
32136
10
14142
26223
4
1031
20
6622
34
22242
2
31213
2
3214
446
21441
3
4
12
611
1211
14
423
43160
114
14461
14
43313
13
434
602
330
36
264
1401
410
60020
32404
262
33
6013
1
404
214
6
46310
602
131
6
62214
606
4
63442
612
62411
12633
121
40
634
2043
644
41
34042
314
1
4023
26
2
4421
6662
26644
31624
16111
662
6014
30034
306
16330
42
621
62
220
21612
16
6134
433
60311
3
32013
63
21
111
304
333
33161
61363
4
22463
4
3021
41022
43
6111
664
36
1664
23
1
42
63124
13223
4
33
31
4
6424
36022
26262
603
24042
326
664
62
6
24
3620
4
3
4
33264
46
1330
1064
4
1301
6634
21
40
222
6606
433
12
412
41321
62
104
343
324
233
6244
6011
46
60131
216
3
13122
101
23
6
13362
4
1
211
60606
3
6013
304
2034
4012
61462
3112
42
1
63222
444
1
132
16
2
2
33230
13
23121
31
13
21
26246
3
66
136
1
340
32
6124
22
22
60
43
2
410
212
23
3134
164
20
3
4
242
41660
3041
63
416
4
41
226
4131
623
3
6
4402
236
1
44
41
4262
426
2606
2034
110
242
40
4
6
403
26
412
31402
360
30463
3
64
316
334
416
4420
601
241
22600
21414
6412
34
6033
404
13611
20
30013
102
41
14210
30
1
36066
62
4410
341
4
116
60326
222
200
6020
4
46
2341
33136
21
313
64
4
636
321
44263
6
2236
4
33
266
24
141
623
622
2
14
623
6226
31
31663
266
2
333
44612
3
144
6
160
4111
44333
441
3326
61
240
244
14
31436
1
6
1
6
6
322
22211
1110
4363
3161
6321
3
13204
116
12436
623
34
20
3200
66
14
2
603
2246
10
2
1
6
144
4
344
6040
10
6322
64003
2
33
211
3
22203
2
2
46
4
63063
4101
2602
41
21266
3111
461
6
33
31300
3
20
22014
633
4222
4
6
246
116
2
6
16106
64022
312
6226
4
6
12630
460
222
4
3
362
13
3441
4600
601
2
2
442
10644
363
1221
3
3
4601
440
36
440
63421
434
13422
26
6
3634
1
4
1
3441
144
3336
61664
163
6142
344
62
1
1
26016
236
4662
36020
6
4
43634
6161
12110
2446
2
164
23
10631
41104
6
331
434
13004
262
1
63101
44124
313
3214
4164
436
164
123
6
2
16133
32413
26
36
6
3066
43
64042
1630
13
606
222
3
1
4044
163
346
4
6
1410
1466
2604
4642
6
130
4
43110
33
34600
2
3044
133
1
32323
12
22641
100
21
6
1
16064
3301
3
3002
213
2
133
21261
2013
3432
33
114
24464
31042
1
4
600
14140
43
2
30
34
262
463
2
30
22
16
616
6144
3
6641
23
33661
34442
6213
43
2
40
42
42
30
2426
340
2234
2024
64
1662
226
601
61122
360
4
3
4120
12403
2646
42
211
622
6343
30366
216
133
41446
40260
413
42
23026
64
411
432
30423
14
34106
4
23
62216
3114
4113
61016
40
6
4242
22260
402
6
616
1
231
6
66
12
6
34
63113
314
6604
346
3062
22362
2236
3422
62643
6
46
2
64310
31611
44012
4360
1416
2
106
162
1
40622
1161
6141
1401
32
10
26663
636
31
2
602
261
2433
46403
621
60
336
263
2011
1
31
12441
6033
2202
30
30
31034
24014
24626
4261
364
2010
600
203
2634
146
334
3
22
223
166
1
332
60112
601
1
606
241
662
6
63
344
16
4132
1230
21
2220
43
1346
46226
32
46
612
4204
10420
336
6643
10
2
41024
4416
1
6146
230
463
201
60246
4
4200
6
434
21012
3
3
30
163
2324
420
1
63
131
44101
424
4302
63
3
424
4300
31306
6411
4
43202
6
1
3342
22324
342
13236
2340
42
66110
16404
1420
264
34
642
3
61220
6262
310
36
6
13466
6
42106
434
6
44
6
31412
3623
16204
44420
66
3
63
21
2
1
613
33
460
6
4
141
1
3
61
34
66
2424
1
6
63
4610
40
3103
30
102
2141
16340
4
4
10
31426
11
3306
3204
6
612
262
13332
23321
42
60032
610
3
3033
260
13
1
41426
214
6
100
2
1112
6
46042
43106
630
23634
62
3
61
22
32
13231
342
4411
4
1
442
11
136
6361
14323
3464
43
216
1
43
641
33432
2
30
34666
20361
6
4
6114
6104
226
4223
63
21340
1
136
24021
44
133
1
31
1
42163
30426
6134
442
36022
44
4163
13263
3110
3
36610
4013
36643
1
21
4321
162
42
1
62242
1066
632
4011
623
2
326
1340
4
400
40323
1002
403
2
146
11
43
36611
3246
6
11346
203
4
6
164
31043
6
34312
66236
11212
36042
2133
36
6
4063
66411
13
31243
21066
46
113
126
3123
46426
4
61
1
234
2332
16361
3
146
3
2
31031
33
2406
4332
3
3432
43126
1421
6
130
63630
16146
6300
4
2322
23412
31406
601
44
63
321
10
6162
1
10
2
31
103
122
342
606
1000
316
6332
36016
31
2
10243
43
62
402
1143
603
41
26133
4063
42
6
436
640
63
6
3410
616
430
12
231
16
1
3326
11404
24334
12444
6
6
3321
41
60
20
26324
46
4262
11261
46
61
410
341
11201
3
3223
216
303
61031
301
4
1334
1640
3662
313
46041
13
22613
2
2200
6
23
42103
64632
62
1
61
3316
1243
4611
41612
1
24401
643
1
21323
1
1434
234
236
3
161
22
3
61460
4043
4603
2
2263
21
66
6
66603
36244
6036
3200
6100
30606
11
3
22006
20360
2122
423
22463
24043
24104
46
3662
3016
43066
14622
11
4
1143
330
2
14131
6341
3
6
6
6612
2
416
3421
43
6424
4166
46241
2134
236
362
1
664
4324
14
3
6
64
3
43
41
1
23
12
602
61314
2364
160
40060
63126
6110
3
202
432
40
22044
4122
13
366
4422
660
3226
16
43
4033
41340
6041
241
4043
14306
2131
21414
42
2
12
4340
306
2
466
32343
24
216
3
666
36131
660
110
6
41
203
2
621
2024
44400
2
6
3463
612
42
10
6402
2
3
2212
2420
32
4462
22261
331
4423
101
2133
432
320
664
1262
1664
2664
2
14
10
2
4
6013
412
1
41
1234
3
4064
36161
6
4
240
12
10
261
3406
2621
436
4
142
126
40
40
232
4
41
3213
4
2
1
3
4
3
3
61
6102
3620
1213
2
62
33
43366
20
102
12
606
36
34
3303
2
6606
46
6646
661
304
24206
6260
1042
1
22106
6
21
444
41231
11
6
66014
23334
222
46012
14
62333
2263
646
21631
63
206
226
11
141
43
4334
3
63622
21066
2142
33314
6
44164
6221
41436
4
303
3
21632
1134
2
66
110
3
4
44444
1636
342
643
33
36626
640
2
422
363
112
123
46013
3664
1302
4
636
3044
134
431
42122
66
41
3
13124
4216
23603
300
240
2112
326
461
36
1
304
62
4140
61
4
34406
4404
26604
416
6103
3236
34266
4006
2
41
6020
34036
440
12412
13604
2120
6212
32631
21
1
614
100
3
60323
63
60404
31344
106
20144
31
6636
602
4620
230
14
36404
2231
11660
616
46
2
12013
44260
21603
646
1
6342
226
346
14134
1
21
124
20123
30410
34
34663
41011
3
646
22
142
426
2221
3
33
3464
36
2
62000
6
26
413
4
203
10620
460
43434
36
30614
66
62
2
6630
12646
133
6632
144
111
11242
121
32
261
4431
43
3
23
43004
6
6
31
440
162
1
406
61144
4
43
16401
216
44
2231
6334
1
3
26
21
11664
11211
3
430
6
16
362
2
434
400
1341
32
21636
160
16430
1
6431
1432
40043
4
621
201
16
4
1
610
2
1014
3046
12
3123
3
10232
3604
6330
4211
26302
26424
6261
61
2060
11246
6141
12
11
666
33
230
10
66
6
64610
36
631
34
4
42
2442
6310
1
63
46
3
2644
6
3
2012
12303
33
43
1
23061
661
21034
2660
1
12
3016
3133
61166
40
1
21
4
33263
1
236
14
144
6
116
11
3
423
3
22
6
64
34
3226
2623
42064
423
4332
1
301
3
6012
3224
13
3
122
246
16041
624
3
443
12
1201
4
41
6664
32
2
664
3004
2
46206
6023
40622
6033
10
2
32
3
13033
6
30030
1
2331
22326
3
62
10142
6
20146
2003
23
4634
20124
1
20110
633
3
30211
326
2663
312
46
4
364
1
6024
43103
6104
4302
32063
62102
6603
6
11164
6411
14
662
4643
46
1444
30
2344
31401
42160
40
30
601
1320
24023
2
443
14406
202
6
20
1216
233
1
60
3
4
1
660
66201
443
66030
2
13
62
20203
14
31022
2
1
31
3
1
2
2641
231
221
34346
36
6310
362
264
11016
6662
2
64
3443
616
23663
42320
41342
4
4202
2664
3
24446
42
11231
26
23
42
32211
32
24
6
134
1
3
4301
101
42
426
22644
24113
4024
61
26002
14411
10606
60333
636
13136
32424
2666
440
2132
466
13216
621
2
4
1001
133
3100
12146
61
321
34
442
40211
14640
3
31
4
3
6602
6202
21
1031
64
23
3
10
3232
63033
1004
3
4110
3
43
4130
20636
30
2102
20
44
6246
60
6
4222
1
21306
24
6
3200
600
20
12022
1461
2123
1340
4062
10
1326
6
16661
612
3
661
6
66
41114
602
26
14
1102
6
61
6
64
41302
4
4204
33
4
612
16631
4
22132
630
2424
63116
141
33366
3
2321
1
124
633
61321
611
63
21
1
4212
44314
63110
6
44103
2
2432
63
1
14634
23143
263
426
11
42
43
23
300
663
62604
662
2
4120
63621
4402
62442
403
11043
4
4
22
421
12462
14426
26266
620
30133
462
23413
3
24
2201
1
2
3
2
242
231
621
4600
13
6
3331
64460
106
12061
4
41
40436
42412
3316
40003
32606
6
30034
30
64302
32100
642
336
6432
20230
4
3
2
6222
4
140
1
34
4020
4
4
4
266
36
2213
36211
33121
1213
22
403
4432
2606
232
1
2101
101
102
3
2
6
33646
33431
1
146
6
2220
32
11302
224
23
4243
1442
401
60124
66
26631
10
22140
4
113
201
20213
603
4466
26
321
64
4
4
3
606
2
330
664
60211
1
31636
32626
1424
3
22
6
2064
2
61620
6043
2
1
30
4236
6
32
62
63664
431
6306
130
32113
4630
3
3
1
1121
20
16006
1
3236
1444
13040
2
4622
4
62302
22602
60
234
3
14114
626
24
3600
4
44
4
113
13120
33444
2
1
241
21
1324
244
20
342
324
2
24421
1
214
14
3
2
3426
2226
6021
13
3313
1261
64
6
24341
64302
360
3123
2
6462
66
433
2143
4
163
21666
2
36
46241
21111
343
2
462
46220
112
32
116
4
64
44
246
16216
113
6
6
231
223
3
22012
244
6
31
1232
4
2366
2
1
60026
26234
11
640
42
244
2602
614
1
44
420
6
3222
63
4
31466
4632
2
136
601
23
616
6
43460
44
462
3124
2
62
33406
3460
43
66
3622
16261
401
21
62
3
104
662
23
31
4
101
2602
6
340
1
34242
1334
116
103
4344
326
3134
32
6634
3
6
100
2443
63
32
30131
463
1332
33446
1621
1046
4011
43
11
302
2032
4421
6
436
34
466
6
610
1
334
424
163
2641
1
6
4
604
3201
10
36
2
232
6
342
41
2110
1
60362
6
21
1614
41
24306
6442
6630
34
21212
431
3
60
244
64126
3
333
3
63003
31163
36443
31
4032
10
1333
36
3061
4044
211
63400
30
3440
660
64026
2
14212
36200
13
624
631
2
4423
62341
46
13
6136
63
2426
33
44644
4
1
4216
34
3220
26123
413
60
24
66
330
1344
1
12
30233
410
113
1
6342
44460
40604
60323
20604
34
23
4
10
663
4204
3360
644
3
460
26
640
4
306
30140
41644
4
222
4146
1
2246
6661
204
23461
320
6164
62
1
30
14
262
61161
144
61
44
2636
34424
1311
2
32231
20
266
203
23212
1036
6
644
32
4201
24114
1013
64
1311
64
2
601
10
11116
4
11
1066
214
34
33
60404
2361
12
334
4121
6642
30330
1
264
23226
446
14
6413
40
6
6262
36
61
240
24623
4
6030
2
20301
63
1
12
36
4311
240
1260
11
63
61
6
21213
2
1
6434
2131
243
403
443
3611
41422
62
621
6
246
6113
3
21
3
444
420
6
6610
36
141
4
1
30461
214
344
6
1002
623
34261
23
4032
46611
3361
106
102
36
436
20
6
630
16644
32432
44
60213
24146
4
30
63
6
6
12044
1106
42
2213
42
2626
62
43
22
3320
11
2
203
111
6130
41
646
6
46
632
2
23036
2436
6636
1041
26621
110
6112
26
21213
20
31
1343
66140
1
2220
41
4
1
6621
1
42314
1334
4
6436
363
2103
1236
44664
4
11
3
4
30100
426
6161
43216
6631
404
111
611
6466
43406
1144
332
41
34360
6
260
44
4241
2
4
204
214
41300
20
6316
26214
20
14
2146
414
2312
304
6
1030
66320
206
31642
16
2
26
40
36
1
2300
163
402
36121
3613
2446
6313
3101
66
46
64366
4221
333
62332
42
63
1412
24426
41330
6242
33260
4
4123
63
12032
66006
222
3
4
46
4000
32330
3041
14322
3
66336
4
264
2
1
30
23221
31
661
404
2223
1
330
32646
1106
66
141
12
1236
236
12244
402
6013
14246
34
4333
4
6
4
4
6
166
16420
26623
43
4
2
6234
62611
3411
2
6
2
633
31444
60666
41123
3
3412
603
646
312
2
41643
604
413
2
2
124
160
1026
633
12
3121
11
4
331
2
4
4626
404
4210
643
41036
60
26
1
6
21
36
66134
2326
2311
44143
66
64124
3063
4106
640
62061
10613
4
66
2
6
4302
644
21
64
46
6446
3
6034
336
203
44
4334
4411
120
2460
42
4
61016
4622
24
4
26014
12434
2316
663
360
11140
4444
2
10242
2
44
62146
304
23
444
4262
122
2
11
32
10
10202
306
130
11422
40
26
160
60
361
3466
330
24
22000
12003
16
14
202
3
460
2
21132
6
201
4012
1666
232
1
2
6
2
636
40
31
40103
66463
62020
3
4031
36443
362
141
2630
623
240
42444
40
41
66
612
411
300
64
222
6424
61
10
43312
16
262
1364
34114
23024
2434
333
23
22264
2
6
44206
24434
16026
1
33214
1024
1
6341
4
2
344
64014
324
2
31366
2046
1646
46
4436
330
2224
646
2166
2103
6
1
340
4616
2
462
226
422
26246
6120
14434
11
230
3
22
403
11613
44436
6
20
600
2460
606
63
242
12341
610
4113
664
3020
31312
3
4421
33661
10
36
46364
11
332
64
303
613
63
1
162
3
4600
614
1
16
13
66
4113
43
24
30
6201
24
6636
340
41
13404
4
614
16241
404
602
624
42
4
3022
46341
30
446
33466
1
66246
34302
234
41
3
10
1
30
1143
1014
3
3
32026
4
2332
41
3400
33142
13002
30301
232
36
42
331
203
30
13060
46
21666
2220
3110
613
1440
420
32
400
23411
61
131
24066
40662
31
46
10430
2
6446
41220
3343
22
3
43163
4166
263
30
6126
4
33
306
43
1426
32060
6014
133
20063
40
61
30
20
61
22
2
1232
2
3
4440
22040
2
3103
36441
11123
4330
3301
244
403
3
61
6336
60326
6363
6
24423
6442
41030
21
6332
34411
46
36
3
66310
466
420
12
6
4
334
4422
1420
21030
6
201
10
1146
62011
41134
26600
23
34
2443
1166
1126
22614
62
32
22
410
42
12
12
324
44
603
243
60620
66046
4
46
33
11
2
63446
666
262
23411
1
61
42
4
3320
3624
1
1
6
34442
43601
1
443
20
3
32340
4406
3141
6336
41
41624
1260
46
3364
26
416
3604
1302
1
2023
1
62
6
6
23424
62
364
6
341
6340
60363
1041
4
3
3
4032
20331
44123
3
4
20
34632
14
46216
224
3200
400
66031
43
646
110
41023
1
42
23360
446
3
23200
232
4666
20
6
4662
4330
4
604
612
20230
6332
162
64400
3
2
1
66
1
60
640
2
2
2
3402
61
163
6424
6123
6600
1346
1
1402
61
3
36
42
1
112
1
10446
62640
40
16
366
36
4
66
416
3263
10331
21
61
13104
2460
43143
6
104
6001
3
411
22323
234
66
411
32636
1042
2641
43041
44344
14321
4
46
41
663
3622
1
6
130
10
440
201
20611
3
4046
2
436
62243
22101
3011
141
4034
36443
66
44131
630
262
16034
1
61
4442
23
412
2634
20
1
413
12
2106
22041
336
4036
436
63203
614
6100
260
61
4
64
1
24
3166
312
42
1
100
10460
606
1112
13106
6
6
1162
3012
66
3424
263
3
1
663
44203
610
10103
33
103
364
4336
3464
1041
44331
6
22463
2211
11642
2200
1006
3
2661
6
421
64
112
3360
6346
6344
213
63
22
6
32202
343
610
44642
333
20
63236
40416
102
4
1
66
44
21130
2214
11
614
2102
663
10223
1011
1213
6121
4244
263
614
6
3132
44364
6
2
242
61266
3
20
124
32
4
22
6
4
4
60044
641
1
6600
1
430
236
2
13
34161
221
662
34333
6
241
42
206
6262
64231
1212
41024
1
311
20062
2031
610
2
214
1310
1132
1423
6
436
2
16
4131
612
36
2
603
4
16436
131
1
21
20
232
1
62
6
6406
260
2
46
401
202
3
14612
11
31423
10
11
311
61
36
6633
1420
1
110
2
44
26
16624
112
10
1422
30
1
400
46
30
26234
41021
21463
61
66411
243
23103
1662
4
36602
16314
201
64422
223
3
421
630
6663
22304
2
24241
22340
3433
30204
2
6
61121
61126
2244
3644
42
464
323
10663
3402
3
12234
260
64230
223
2103
263
6461
6
6204
34616
63
22162
2
63612
240
4216
26143
2
42
63
32
66
42423
6626
3
131
40
6113
4016
44464
11
2041
214
62
61
1036
6002
360
33
66
1346
1112
243
432
6011
6
3
63
6
13
43034
2331
12264
20324
6
34442
603
3116
6
43
34
6
1
6
13164
46
66466
62663
1063
1
2033
22331
36423
11
13643
464
6
14
44
3
1046
13113
60
64460
2321
64
42
20642
26
1
23
43141
6146
21
36636
32
3332
6626
24101
34643
3440
1
340
4
43120
113
42
413
30
32
32
1362
26
1246
32040
63
634
6
63606
344
103
10
2
101
61246
46
230
1
14
311
634
63601
2
1221
6426
423
61611
6121
46014
40
34640
6
32646
34
6
606
60640
16660
10
2
6136
3044
246
4
3612
1220
4636
460
6
4
4
224
26
6024
4
4634
6
4
24433
2
26116
16043
60020
4324
30
3
6
413
4643
26633
3033
42
4360
6
2
146
23640
6
20
2
22
620
400
2
4460
1021
2313
2243
11
1
3
4632
11
12
20644
163
64346
21133
31446
6
6
42030
3122
6
3423
1321
2
4300
6
136
41
3
36463
431
3
20
14
4664
32136
46
410
6362
22
1
4
22436
606
160
3
6400
3621
2340
30622
3
632
21604
22624
6
1
323
632
6410
64333
1
6
12
6202
6014
126
3
62264
6113
11333
13
24
6
32412
1342
2420
63
6434
6021
330
63443
60
12
24
242
40
14
32
36241
6
6
21203
21463
464
40303
111
6421
346
16
3
13136
6662
26103
41
4340
10420
232
4316
6
21
13
22
2
61
2240
3332
31
6
641
30620
6
4166
1403
2
21
4246
400
10
26
33303
64000
132
103
31
6
12
23
24302
2601
4402
41
3211
40
640
40042
2
43221
4
6
60
62113
10
23000
2
144
3316
1
40
2
324
64060
61
4
63163
46226
40
42314
2
11
21
31213
42062
6224
1
4
31
66143
1
6116
24410
40214
1413
33
4066
4
460
366
4434
1
162
132
22
3
36222
3124
200
2060
43
40121
20
1
10
41
64
22413
6003
6
44211
12343
66204
1
4016
4601
1
13
60443
23102
40
61
3
46304
1
3
36
6
231
62
60
21360
6
3314
4243
332
41432
16161
6
346
1611
2300
13431
3
2
6311
261
33123
13
2620
44324
60203
3024
10664
4
626
13132
10310
3
322
20
414
44633
4666
4
304
22206
1616
3
21144
123
6443
11
2614
4
220
6
4
640
42
6643
1
413
423
4
21
1
63611
6
114
32162
216
333
12
43116
4
213
30
163
6
316
62066
31403
402
46664
341
313
12
23444
2
31
3222
6220
16
30
42
64111
2140
63402
6611
36
61
16
6114
4
24231
31
3
36114
2
16320
4
233
632
34
442
611
44431
26430
10146
26
1112
20436
34
12266
630
26
23
1340
1161
30
6
46
20236
4301
36312
2260
44
3
421
63600
2
4
24
263
60300
60610
264
2
1044
23262
136
30
30644
6
41322
400
4361
231
43066
4
341
2
4163
2
44463
230
26234
2
14
2066
1241
3
2
4
4464
46136
6264
20620
330
261
4
23
64634
1442
1032
3
106
3
1031
4
3
44
2426
10
3
260
4
332
61
132
2
21
42
10
61
4
213
23
4
26
6
34122
61
1
24
66
4062
60244
43
6
2
64
3442
4426
344
61316
60
3
300
46
330
6
333
1423
6
4
346
6
1010
3043
40343
60
2
64
20
14243
62663
44213
2
6322
66604
30
13
62430
60
20
4104
620
4223
63120
3
62
64
2
4
4344
463
614
42
303
1
4
1064
1
611
10242
44
43146
16310
643
24366
42
3
1
2660
2234
2
611
1
201
63033
161
43410
61
6116
1036
6
631
13
4102
6011
140
6
3
43
3
142
12
4636
1
36
6
304
2
6364
11234
460
4346
2436
12
401
463
16
6
6640
466
102
22
3206
1440
40431
4
3
346
44416
604
4
1064
6141
643
32413
3332
410
33106
1
2
3361
6
16161
102
63311
430
24
2240
1
6341
464
26143
133
63021
26
1
461
32
11
2466
1
4311
23312
1
33620
2
3
31326
44
3
1
1
200
3063
4420
64
2
134
60423
1461
2
23
33
1
1132
1
40
610
622
1
413
23
6
2
32
6
60606
14
16232
3616
2113
320
31
4436
6413
63
3
6
2
64101
24
606
2
1141
23116
16
221
131
33
20136
13
124
2663
6160
2
422
41
1613
36606
204
44626
1334
1
1240
1633
1201
64222
6
3
40662
1400
3620
10134
4
223
36
2331
2
3
440
610
2433
2162
33
4
123
2
2
224
16133
40
121
23413
42
24133
3611
63
6
22400
3
1
44466
361
41431
432
332
1312
43
14
10263
64
6
40402
62
64011
11
61411
6
63346
24
10
60
6116
6463
63000
3610
213
610
6
6
33064
210
12343
606
626
6
222
1
63346
46
1
23041
133
32004
61026
66
62603
6216
46340
44
34161
4202
3
261
2413
211
42313
44321
3024
36
461
603
43030
441
23633
646
41643
426
6360
3
6
2
233
36336
4136
2643
3
46111
1
1164
43
2
42
62
62
16162
21
312
413
2132
21
11041
4326
33
6044
14
6
4300
4
42111
12
424
1011
3113
66420
313
23
24342
362
604
3663
321
6610
63213
103
1
220
1106
11
13
44463
2
124
4624
621
402
4404
13
32
44111
1
22021
6
3
23001
1646
461
4
22364
3
6
1110
11100
62
2440
341
3213
262
2323
2
42243
40401
33446
360
14444
2
6
12060
42
12
6161
3440
1
6620
12263
221
1
436
60
6
64003
46
6
10
46424
660
46464
42
2666
4011
26466
1603
24
2341
2
41
23
1200
1
3326
46
2
6616
334
24314
443
6264
623
434
6146
663
6
42603
426
1211
21312
6322
6044
41243
11410
161
240
301
3011
12
3362
3306
626
2
23
2
6
4
6
1200
212
2
40
2614
3
14
30
400
12242
10
21
33406
62
11306
2432
62
13
32
42236
4
40
6
3066
460
324
126
1
3364
246
1
342
23
341
21602
1263
3
4
624
306
13062
402
10
4461
21610
43
2
4011
1
613
3
20
2
32
34232
23231
32044
1613
3
66023
10
1361
34
46
1
46
22
634
420
6
11
2
6011
41121
10630
4066
6042
1306
64214
41
3133
6426
24
643
1134
362
60
403
36
60
112
20136
3246
111
4
34
434
41
213
1400
6660
1320
144
63
300
4343
26433
614
24
601
46
1
66
43
62
46
12
4036
2334
6426
1431
421
1
63
62213
606
1140
2
34
3416
64064
40
160
44
446
44364
41411
2166
136
26
6
434
61636
404
13410
343
6204
12206
2224
1210
42263
4142
36631
4024
36133
60
2
142
1
214
630
16630
60444
6004
33
13320
31
406
14464
1324
43144
103
261
6141
30
60
2
26
2
6616
304
1431
2
1
36
24
1
6
2316
661
30434
404
1
4
23313
4104
4
32333
14
3130
4
1
3161
26
6664
16
2
63042
1
16
412
6
4123
6
61
3413
41004
6106
6626
362
42222
2020
3
36
4221
44040
42
2622
16
162
42
1136
402
326
3
6336
36460
1
63
30213
24262
643
46
6
226
336
41
11313
6022
12163
6326
1
1
3122
202
6404
60
13244
642
42
330
131
1
6432
41
6
2
366
403
26132
2230
2606
122
4
416
64
62410
113
4
206
263
6412
240
211
2
3060
24
3
63
2
4
43124
30432
1
11114
60
2366
22226
21
33
40426
2
106
100
303
640
4
4
31664
62
1014
44
602
40
262
32
16
36
16332
2430
36334
14
1
3132
1
6642
662
216
132
303
2
422
63326
2
3610
46342
12
3
6
2460
44121
1
6
224
634
4204
6141
36
1630
1
2042
22324
3
6
4
4120
1223
32
24
40
144
66416
21423
466
3
1200
3230
164
6
24
4020
336
124
3
12031
62
6423
412
42
3201
31
6
23213
133
60
2
6663
43316
6426
120
34
13
13
441
1623
1
46
32
34
334
13
246
314
12341
3
61103
304
42
63
42033
12210
46
6
66
64
46220
3232
310
6
364
304
11026
24
221
34662
10023
1
36024
10422
63460
61006
21021
433
32023
636
3364
26
44
626
12
60
623
244
24
14624
1
6263
26
266
20
63120
6312
62341
36302
662
620
31666
14260
46
1364
32
3
3206
4416
63401
31
10410
40
141
643
1300
1341
63
66462
20
102
2
10
1121
62
221
6
21333
43
14
1044
141
102
30
44
141
21
14332
16330
33
42
21310
4360
1
426
13
44
4632
614
3643
10421
34
663
1363
4
6640
311
2140
62
462
214
22661
2046
41226
3034
23
46213
4
2302
42
336
30
3
11644
1004
44
26336
632
4300
603
3431
1132
4
2
34404
26122
11260
330
33043
614
1
66216
624
2363
4630
3666
1600
6220
1
6
23
2601
6
3
3333
2012
3066
4323
410
42
3
3
22216
6
633
14461
1
6
43
6
420
16331
4
61201
3122
62
60
64464
60
6663
23142
26222
30
3126
664
4
23
6
3434
6
42304
404
414
2331
4264
62
4
1322
1
61
4166
121
3361
34230
21200
1
4334
1666
4206
6
44632
3
6116
22
33
13
6166
4
31462
101
4203
6
42
41
2162
6
3
46106
1626
1424
3
2
23314
34
403
24
40
3316
26
14
22
3
22
646
1332
1
10
1
3100
4
4446
2
3
3
6661
4
244
6460
444
6
14130
1
2123
1
26
424
14343
2334
442
160
1463
22342
443
43
6224
36130
6402
410
43601
623
32342
60606
3
426
123
2012
4203
43
34
3412
4066
6
60306
64302
2622
46
1024
443
4
4
160
32660
4141
2011
46232
3343
6
3422
4
4
36
102
46142
4
224
14
136
40
2166
4624
6
602
2314
6643
12
22343
36
1
13440
2
340
3
4
62
3
243
2
4024
26642
3
20614
4230
602
146
2
446
1
26463
3400
146
630
24
11333
416
414
341
6
33612
12
2102
13
32341
46
6212
234
30016
4
6
1226
121
162
4033
234
612
16422
3
2
32306
4410
1
13
1366
1
4644
364
23
43
3
3466
30040
2
24
60026
10
12632
36
6604
6420
4
236
4066
41221
204
60310
26406
642
31
2
2
2461
2
1
1342
2
1431
16
601
3261
34
1
60
6
43
3
444
603
31
16314
222
604
66360
62433
2414
1
63204
4302
14
21
32631
3630
3
30104
206
31
462
4232
26636
200
334
62600
31
614
20
26220
10
3221
30113
3
22006
34323
332
130
32224
14404
3
2
3123
40031
21261
223
46106
326
4
10024
1
246
4244
6336
132
34364
6
3
4
3404
46424
33613
31
446
31
16014
140
13
1
22341
120
44
3
3
64
14
266
6
1634
46124
11303
434
632
6
62
243
3246
34
232
3003
636
4
6120
321
1
360
230
13660
2643
20664
2442
3
4114
21666
631
61
6424
663
660
202
2
61
162
13
21
20000
6
132
1034
14160
642
46
2363
23360
26
33
10
63206
214
122
243
2204
346
31644
20114
22
4
41644
44032
1
366
4
1
3
61
13141
14
141
63
4
461
14
6241
1324
2
4
303
24401
202
32
23064
163
36
62101
2363
63
11332
1166
4306
10
6033
64042
4
121
6026
2
62642
263
3460
64313
4403
340
11
40
4414
24
46
22440
126
433
102
1
226
266
36
6
4
462
164
2
402
63024
632
2
2
4034
330
6
62340
42
46321
2334
214
43212
36236
32400
4
6
3
41
6030
43
166
1120
42
2004
61
123
24223
43603
4
4014
640
3
402
24
26
3
31
14642
4644
12
3
340
6
306
3326
36
23466
6
14
1260
3
44
2
4
41166
61203
3263
4
10
46434
26
26201
61204
6116
310
41
64
62
166
66
10
4341
24
2222
1633
24
413
60
6
1660
4626
4
634
21234
3
3
1
1
11
2131
16121
61006
2
60120
4030
21
406
3261
621
44406
11
23
421
123
400
4
63
6
36
261
31300
22
42
2403
61416
4120
4
6616
3
2
2
221
463
434
3434
41364
44620
1
464
33203
6
4
46212
12
104
32031
3141
2163
24
2
6140
6
23
2123
33
1
4422
134
146
23661
3
4613
66066
2
141
112
244
4
61
66364
32323
32
232
412
1
26
60260
21636
61
31321
2
3
14
12610
6
31313
114
2346
404
3321
21211
11233
62160
3
42413
36320
3
120
461
33
23602
23236
3134
214
34
6
2260
21
2
40341
2
221
26431
443
3
20
23
6463
6
42
1
311
60
3
66
6
6
44
2
603
22144
610
304
122
3321
64641
2436
6341
243
660
6140
44610
6200
3021
446
26624
40122
13
1
21064
640
6
241
63
111
112
462
6
34003
1
401
13624
2421
310
263
3
222
20421
23166
40131
1433
12
334
2
2020
2
6
10
46043
4223
10414
264
4
44
34012
2
4
66
221
431
336
114
123
6403
6
14004
63646
616
21
36164
13420
136
6
1444
223
3
3
2603
41
64
41321
6
4
4142
63
30
432
2341
4
6026
414
424
223
3262
20414
434
223
1
36
66
61
43
36
11444
3
4
1224
1236
243
20
62
334
40
133
24363
12
3622
63
34
32420
120
1
220
1
303
20163
23611
61322
606
146
212
6
120
32462
3644
3431
612
1061
2234
30
11642
322
3
6
223
36463
3333
33
31
31110
6046
60
22
404
263
64
26244
223
1234
641
336
26124
41
43042
60301
43224
1046
22
4
4444
16
6421
6
1
30
6024
641
3
234
641
11
62346
1240
360
23344
2202
1631
400
136
14142
4
4040
1
1010
61610
41261
24614
1036
263
62604
11226
23
46463
304
103
432
31
2163
60
1240
23
34034
643
14
111
4
6303
46
1
326
3332
6140
300
24333
61660
2132
1210
162
603
131
212
640
26616
2214
63432
1
363
32
1
214
13114
6060
4
4462
61040
14
26
64600
4614
23
6631
60
1220
3420
60
3
200
163
23
30632
414
30
21201
324
64321
33
102
61
20630
41403
41
14000
6234
61610
63
6
6230
41
42
324
10
42301
6
4102
32
314
361
4
4204
320
2463
62
43
6
10034
4
6
2
4
26102
463
43
34310
604
444
2303
304
6200
32
164
2
6120
13233
44420
24333
136
1162
640
4
3063
6
1
4423
4
3216
23
66
6
622
43166
241
2
10
6332
4424
20
46
64
4026
130
33
443
26
60
4
4
40301
62
1401
116
2
63
63401
14
42
1241
1
246
2041
4616
14
10141
3622
6600
4326
206
234
164
46
2
62
2306
11304
3303
3
62112
61
626
30
320
6
44
10143
32313
66130
33
26664
3232
36
3361
261
4
2030
333
2061
221
346
4243
32
43
24226
16013
33330
34331
141
4
46144
1221
1440
626
23222
2042
30
43136
1
3236
1
31
362
6
41
6
12021
21122
3
60234
14030
22632
10666
361
646
3
4
36311
6
41220
2144
61
63333
21630
44606
66634
4
43
20001
42266
41
66
43
1014
112
41
206
136
30
60
112
36
34340
106
342
10
641
11
14461
42
1600
12
33004
6432
3
2203
4
30
20
10
40446
22132
4
40436
60016
10
162
30412
32
6
2
413
2
643
33440
4
33
43422
3
2136
1406
36022
22
44
4
4126
6
11012
6230
1032
14
33
4
322
226
6
1
31200
12663
3630
3
61
611
36
140
3203
1401
4
2410
1361
3220
66
16
3102
1
44
364
14302
4
2463
64
6426
3
1
321
66016
463
262
6
2
16
2366
4
2
46
16
14006
100
630
303
4
30
46
331
1323
44222
636
6
64601
11406
4
14230
22346
140
24
60
31366
10622
23446
1323
26
26242
2
41141
21011
6004
21460
11344
32
13
2
444
4644
10
2024
1320
6000
4
2
623
3
260
4
1
2203
6444
140
130
2
102
13
66163
1
311
2412
34
41221
6
1104
4
36243
62
603
306
33
601
33612
44643
46
4
12462
201
434
46166
26
64
1
11423
363
4
4312
224
64311
3
6023
2
3434
34010
4
233
101
30
2062
14113
4
24413
26322
3
3
4114
4
2
6
1320
2
4612
30660
21432
264
61
30401
6122
4
2626
44132
3
26036
3226
42412
36366
6236
1033
1131
302
364
62
30
41
132
3
163
616
66
33002
3143
4210
42042
343
20331
1361
64336
3634
206
33
44434
20422
6032
66
6314
142
3134
266
3322
13
6604
4
16240
61064
302
21
34244
33213
6
3
33026
24434
41662
333
641
1363
6
36121
26
46
24
66131
103
2
6142
2
31
3
4266
62
321
460
6022
12334
43202
4
3
661
133
260
410
3342
34462
1
124
401
3460
1341
34141
4212
434
4410
3
44
1014
23
361
644
3
44
36240
1144
3
423
61
46011
2402
66231
3
266
66
440
2000
3210
6
11004
61
66
42112
16
2
24
1
142
3
6
6443
4341
1
26414
12263
6413
6204
44
66
41
4
32
4620
66
63
16023
111
6
6
4
4
410
1466
124
1
12346
60220
1063
4032
430
4
2406
4
60436
263
641
66161
6422
6
4
46
26462
661
410
4
3
23
21313
2
2
42040
14
44331
1
4
2603
60
660
62
60
30
243
33130
63
1112
46146
343
4136
1
1602
6466
263
20
41
242
404
61
46
660
206
3
22044
60
2013
226
22
6
6
11660
2
22100
36
613
133
1044
2
4124
43410
32
30
31206
646
2
3
4264
4
1243
22
633
4
2
6
3461
31413
43314
2214
4
1436
16023
46130
1
3
3
436
623
2
4
1
22
16302
1236
6
1
431
63446
161
33
44
6601
661
201
1
42
22134
4234
232
3022
2004
333
2431
243
342
606
13
12363
6
6
341
422
22301
1634
2323
44
4
16263
3
320
116
63
1310
1604
32
116
3241
2233
3
44233
342
624
31
21201
1003
10446
66641
310
6024
26332
42222
31
6
4310
1060
60
6416
62
642
6643
3
103
64
2
346
14604
60460
641
30603
3016
61
12326
2
3
304
146
32
14
36
14412
32020
236
6
1413
6
22400
60
30
33
2
314
22122
34
34422
4302
6466
2323
1
1
14
601
43034
3646
243
6
6
20
436
10
26302
44216
64411
1
3
3023
1231
631
34
3264
4
22021
3
144
2
43106
16
262
33240
26
42
1410
41
1
6362
33
23243
66
211
12202
64432
4
124
11204
26334
6
63
3211
2231
66444
6616
4
20
34601
4
16
242
224
434
341
4633
60
10222
10360
1
2223
11666
2631
34
14
3
44
3243
261
3
14140
6223
20
32622
14
40032
60222
403
22133
2
624
4240
430
4
30246
41410
31
300
64126
3
412
2
63230
21
133
200
6
2
1332
4
14603
1322
22062
2
22112
602
22
36663
36
46246
21
43030
43
22161
2
2
33
41
13044
21600
22616
1
33033
1221
2440
1206
13
4
6244
63422
4233
24010
41
6
22
22
41233
634
664
3
40
106
41
6
632
26
11
31062
1
66432
464
11322
364
4
14
22
231
31
14062
2642
31043
1360
346
40
2
26
21260
446
6
44216
11023
1632
6
344
44610
661
3226
606
3
6
10
310
23242
1330
113
233
2
33661
22303
