3232
2232
4334
2412
60
241
3
20
660
23
4060
6
3201
6032
6222
3213
2633
164
426
4
6
11
3
214
34
6
404
1
2444
116
642
3
2
2411
1
333
13
2
1160
402
2133
34
433
6001
2431
406
3104
1062
6
244
63
333
4
1
2
442
64
6
3324
304
3643
20
361
1
160
1
64
40
623
4
2261
36
266
244
2
31
14
11
6
6603
1204
2331
66
2100
631
4023
641
1031
4461
36
31
26
333
33
114
4
3
4616
1123
6
202
20
146
3012
46
230
330
1166
3133
210
220
442
63
4
61
44
3
6
324
3
4
20
3
13
3162
3
12
422
6011
640
126
2
43
62
46
34
16
16
3
1
361
6146
6
6
26
311
14
4300
1410
1604
4620
4300
146
130
3622
31
141
16
4063
2101
6430
4642
60
624
400
2
242
3
362
2226
6
222
42
444
30
242
1
4
30
636
34
13
43
4131
1360
2610
2
141
6436
21
31
216
6
6
403
6601
2
340
2640
426
13
3232
1
63
13
1
63
43
2
1
34
1641
2
1422
6322
12
42
4226
16
2
1
13
1121
220
3
11
4623
3
40
3
6644
2212
3
1
6
6
4104
3
206
6433
213
230
63
11
2
61
1100
230
4
4
1641
204
610
43
631
4340
1221
32
2612
662
44
4130
1161
62
44
1603
316
621
623
300
664
146
34
4223
644
301
43
2
631
30
260
6
16
2
4
4344
6
1040
3
6633
360
2
3024
402
1
436
314
400
3
1
6602
332
6
3140
2
461
1
1
262
63
4
361
1231
26
6242
4
30
306
3
6
6166
436
1
6
613
1324
326
4431
4
46
1403
233
6326
1
4
3
242
6064
66
31
336
6
1226
6
3
41
3
31
13
4233
1
2
3
41
64
463
41
662
6361
20
643
310
6664
312
1304
2
6442
6
1
4336
6
624
64
42
1
11
64
6322
62
4
6442
6136
3110
240
6444
3032
2
32
3
414
6
4263
612
6
1
423
23
424
64
2621
1
24
14
6460
234
261
16
3
10
436
6142
640
3114
3
313
62
3441
106
2423
3
41
33
2
26
44
2062
6
2044
20
2
6
243
1
3
204
41
14
4
366
322
602
6423
43
613
6434
4241
43
300
3
6346
4444
10
14
634
136
6223
4034
12
306
240
12
620
2
3
133
6
6146
214
636
6
2
206
6
12
2433
1264
4444
14
410
4012
621
3
640
6631
611
234
432
4
2
442
2666
32
14
4
2263
6
4
4
4643
1362
1
3243
2
1221
63
406
263
6
646
2340
4
2061
32
414
4021
3
214
314
62
2162
3426
10
3
6001
2
10
366
142
4
34
21
62
4
60
26
3361
602
32
4
2414
146
634
631
6202
10
2
4043
3234
366
14
1
42
2
11
1
636
4344
212
20
10
1601
43
4
4
6601
201
3444
2
2
6641
1622
4111
4640
2
61
1
6
421
61
211
100
3
6404
3664
203
214
2
63
12
633
4
20
4426
64
1
1320
16
2344
26
16
3120
3
13
6164
1
313
40
2012
22
4613
2263
6401
13
4224
1601
4440
104
62
340
3113
4132
2
466
31
1
210
4644
4361
33
3
36
6404
2
4264
2
4233
41
3
6106
4
2213
206
4
6
21
34
610
16
3342
13
1421
1434
4603
1
6606
613
3
4
4
2
33
1061
3
43
2343
30
4266
133
3
600
362
6030
3463
6246
346
4464
302
634
30
3160
311
6
240
663
3
364
461
3
301
4
66
4
304
66
6123
61
2
6266
322
3
4
233
22
41
641
30
201
241
1
621
11
1
2136
421
124
131
26
3642
34
64
2
22
14
1
6106
243
1
2
3
666
30
4
21
60
336
4623
262
14
6643
6
4
361
14
23
4013
3
1624
6
34
236
4206
444
6
3
6321
23
604
61
322
106
3
64
110
36
2
302
4623
6106
2204
6
1
2412
461
1263
64
602
34
2
3162
6412
43
6226
266
2324
1
212
2
1
10
1014
331
30
1011
12
6
64
2
61
300
240
16
332
40
62
6612
412
242
646
1
220
3043
31
106
432
3416
113
630
462
3463
4
1
3
3
213
662
31
103
13
1646
4
6
1
11
1
2443
4
6140
4341
44
23
1233
6136
641
2236
3461
663
1
31
2144
3103
34
341
2216
2441
4166
2166
262
2
34
263
3013
121
3364
664
2
3063
411
1433
4
1132
1320
24
2644
612
2362
3611
4
43
1432
46
3263
6234
143
602
3
3624
1021
60
13
432
6
1
3
2
121
422
241
103
224
3040
60
4132
3304
331
12
3
11
133
661
4323
6663
4430
61
1061
64
61
6443
6
30
33
321
20
13
1234
221
34
6413
4
24
1
2
233
22
3003
11
2
1234
3
1044
62
200
244
104
261
32
1222
3
406
4
10
636
601
1
3
31
13
3
222
43
4
323
413
1316
6
2311
2
2
4
3642
6412
4
300
36
2
113
31
410
12
42
14
1
4
264
2262
32
2
623
6
1
1160
404
466
6
3601
162
23
463
46
3
41
